chrom	length	bases	mean	min	max
NC_069499.1	1601664463	6252240186	3.90	0	94544
NC_069500.1	1450603269	5002067751	3.45	0	58799
NC_069501.1	1296922325	4309017481	3.32	0	70865
NC_069502.1	1241340601	4637866666	3.74	0	7085
NC_069503.1	1167632593	4015822650	3.44	0	33379
NC_069504.1	1160268632	3787951958	3.26	0	70269
NC_069505.1	643478974	2448511647	3.81	0	27131
NC_069506.1	354776354	1271085975	3.58	0	2394
NC_069507.1	291274852	1061996736	3.65	0	108228
NC_069508.1	220236004	827591185	3.76	0	11606
NC_069509.1	202747905	661128528	3.26	0	2332
NC_069510.1	161021261	651420208	4.05	0	1363
NW_026510679.1	63549	220867	3.48	0	52
NW_026510680.1	38495	27667	0.72	0	7
NW_026510681.1	57344	128585	2.24	0	30
NW_026510682.1	15133	56962	3.76	0	15
NW_026510683.1	49135	171478	3.49	0	24
NW_026510684.1	22809	567821	24.89	0	351
NW_026510685.1	265183	693504	2.62	0	22
NW_026510686.1	120394	236330	1.96	0	17
NW_026510687.1	69805	330778	4.74	0	29
NW_026510688.1	34150	92320	2.70	0	18
NW_026510689.1	37353	132184	3.54	0	70
NW_026510690.1	49924	57665	1.16	0	13
NW_026510691.1	522461	1513572	2.90	0	40
NW_026510692.1	60004	304391	5.07	0	81
NW_026510693.1	23712	52452	2.21	0	9
NW_026510694.1	41845	199754	4.77	0	42
NW_026510695.1	51795	137694	2.66	0	18
NW_026510696.1	10259	20401	1.99	0	11
NW_026510697.1	324224	620035	1.91	0	26
NW_026510698.1	36665	144765	3.95	0	14
NW_026510699.1	67933	88441	1.30	0	12
NW_026510700.1	23399	80258	3.43	0	14
NW_026510701.1	222590	403944	1.81	0	24
NW_026510702.1	127115	803114	6.32	0	191
NW_026510703.1	23727	62705	2.64	0	50
NW_026510704.1	168684	463926	2.75	0	32
NW_026510705.1	46278	120665	2.61	0	12
NW_026510706.1	44876	281052	6.26	0	51
NW_026510707.1	49599	88609	1.79	0	22
NW_026510708.1	242248	675170	2.79	0	20
NW_026510709.1	210118	322602	1.54	0	16
NW_026510710.1	94221	617499	6.55	0	175
NW_026510711.1	50599	186928	3.69	0	43
NW_026510712.1	30948	112640	3.64	0	28
NW_026510713.1	53865	42699	0.79	0	8
NW_026510714.1	183455	255863	1.39	0	17
NW_026510715.1	58714	126608	2.16	0	12
NW_026510716.1	298630	1188955	3.98	0	178
NW_026510717.1	50199	86756	1.73	0	13
NW_026510718.1	62703	116243	1.85	0	34
NW_026510719.1	485246	1265845	2.61	0	58
NW_026510720.1	42646	179360	4.21	0	211
NW_026510721.1	49850	1112854	22.32	0	283
NW_026510722.1	24751	80151	3.24	0	16
NW_026510723.1	110643	239531	2.16	0	18
NW_026510724.1	31193	113725	3.65	0	13
NW_026510725.1	71298	171722	2.41	0	14
NW_026510726.1	33384	82307	2.47	0	16
NW_026510727.1	72037	172175	2.39	0	42
NW_026510728.1	40401	687303	17.01	0	417
NW_026510729.1	214444	473068	2.21	0	70
NW_026510730.1	45585	175535	3.85	0	23
NW_026510731.1	17533	48849	2.79	0	12
NW_026510732.1	56730	185677	3.27	0	71
NW_026510733.1	78315	154617	1.97	0	12
NW_026510734.1	33735	86774	2.57	0	20
NW_026510735.1	71459	232303	3.25	0	43
NW_026510736.1	92592	195408	2.11	0	18
NW_026510737.1	268446	862109	3.21	0	38
NW_026510738.1	49475	57357	1.16	0	10
NW_026510739.1	56187	441144	7.85	0	721
NW_026510740.1	71642	95395	1.33	0	10
NW_026510741.1	26156	51480	1.97	0	12
NW_026510742.1	21507	51120	2.38	0	17
NW_026510743.1	41998	250065	5.95	0	380
NW_026510744.1	85413	112940	1.32	0	10
NW_026510745.1	35456	106389	3.00	0	22
NW_026510746.1	88333	476426	5.39	0	30
NW_026510747.1	17651	61010	3.46	0	13
NW_026510748.1	20219	60809	3.01	0	11
NW_026510749.1	91981	165610	1.80	0	12
NW_026510750.1	34074	105357	3.09	0	14
NW_026510751.1	121950	195497	1.60	0	16
NW_026510752.1	62069	156812	2.53	0	29
NW_026510753.1	338283	4683305	13.84	0	213
NW_026510754.1	63301	142567	2.25	0	24
NW_026510755.1	21927	105159	4.80	0	19
NW_026510756.1	102448	173988	1.70	0	14
NW_026510757.1	37766	163100	4.32	0	25
NW_026510758.1	51622	62817	1.22	0	11
NW_026510759.1	51250	250489	4.89	0	46
NW_026510760.1	20154	66923	3.32	0	19
NW_026510761.1	36032	2621315	72.75	0	1619
NW_026510762.1	25358	158838	6.26	0	72
NW_026510763.1	103345	558887	5.41	0	48
NW_026510764.1	34030	7313640	214.92	0	1112
NW_026510765.1	364023	476595	1.31	0	61
NW_026510766.1	43765	175535	4.01	0	17
NW_026510767.1	50124	48232	0.96	0	11
NW_026510768.1	43159	90217	2.09	0	13
NW_026510769.1	40273	163126	4.05	0	135
NW_026510770.1	80349	224137	2.79	0	21
NW_026510771.1	72846	327599	4.50	0	60
NW_026510772.1	44512	145175	3.26	0	22
NW_026510773.1	113604	227808	2.01	0	15
NW_026510774.1	37099	427811	11.53	0	116
NW_026510775.1	21675	346642	15.99	0	141
NW_026510776.1	54002	361374	6.69	0	109
NW_026510777.1	182007	439033	2.41	0	37
NW_026510778.1	63407	199796	3.15	0	41
NW_026510779.1	37293	72124	1.93	0	13
NW_026510780.1	131247	407959	3.11	0	79
NW_026510781.1	35093	124885	3.56	0	14
NW_026510782.1	41822	109161	2.61	0	21
NW_026510783.1	25881	104774	4.05	0	21
NW_026510784.1	50140	83608	1.67	0	11
NW_026510785.1	49997	19096	0.38	0	6
NW_026510786.1	44386	181395	4.09	0	40
NW_026510787.1	21716	49475	2.28	0	15
NW_026510788.1	55940	226333	4.05	0	45
NW_026510789.1	28541	67323	2.36	0	14
NW_026510790.1	27851	126714	4.55	0	31
NW_026510791.1	112250	205264	1.83	0	12
NW_026510792.1	80109	301211	3.76	0	19
NW_026510793.1	20299	71079	3.50	0	36
NW_026510794.1	57368	175682	3.06	0	13
NW_026510795.1	47123	97334	2.07	0	18
NW_026510796.1	118293	2847946	24.08	0	8609
NW_026510797.1	69722	107323	1.54	0	13
NW_026510798.1	101420	126178	1.24	0	16
NW_026510799.1	94485	245614	2.60	0	34
NW_026510800.1	33763	148402	4.40	0	319
NW_026510801.1	411185	1258655	3.06	0	50
NW_026510802.1	37145	164069	4.42	0	33
NW_026510803.1	103406	343736	3.32	0	21
NW_026510804.1	203182	441478	2.17	0	18
NW_026510805.1	143330	842361	5.88	0	59
NW_026510806.1	132302	493302	3.73	0	24
NW_026510807.1	109733	180465	1.64	0	16
NW_026510808.1	85329	150294	1.76	0	14
NW_026510809.1	36061	26797	0.74	0	56
NW_026510810.1	49275	221752	4.50	0	51
NW_026510811.1	220737	643330	2.91	0	60
NW_026510812.1	40677	139688	3.43	0	20
NW_026510813.1	218191	691902	3.17	0	33
NW_026510814.1	48119	113558	2.36	0	24
NW_026510815.1	1817	2740	1.51	0	4
NW_026510816.1	56933	84958	1.49	0	10
NW_026510817.1	59499	184699	3.10	0	26
NW_026510818.1	28825	59387	2.06	0	12
NW_026510819.1	31699	94391	2.98	0	17
NW_026510820.1	44628	198701	4.45	0	16
NW_026510821.1	60995	110993	1.82	0	11
NW_026510822.1	17472	26882	1.54	0	9
NW_026510823.1	37530	282235	7.52	0	211
NW_026510824.1	83770	108746	1.30	0	13
NW_026510825.1	33872	129927	3.84	0	40
NW_026510826.1	473170	1080269	2.28	0	28
NW_026510827.1	49998	107439	2.15	0	21
NW_026510828.1	387219	888848	2.30	0	29
NW_026510829.1	103277	164301	1.59	0	16
NW_026510830.1	56780	283445	4.99	0	27
NW_026510831.1	74761	94291	1.26	0	20
NW_026510832.1	36933	108847	2.95	0	30
NW_026510833.1	215571	501117	2.32	0	23
NW_026510834.1	37504	239428	6.38	0	29
NW_026510835.1	72945	113470	1.56	0	17
NW_026510836.1	27523	159448	5.79	0	86
NW_026510837.1	23609	65194	2.76	0	12
NW_026510838.1	44398	89506	2.02	0	13
NW_026510839.1	70392	131594	1.87	0	13
NW_026510840.1	50262	116121	2.31	0	13
NW_026510841.1	303728	600583	1.98	0	23
NW_026510842.1	38841	248377	6.39	0	146
NW_026510843.1	20111	344343	17.12	0	937
NW_026510844.1	36106	112224	3.11	0	13
NW_026510845.1	7565	10830	1.43	0	7
NW_026510846.1	37019	38982	1.05	0	10
NW_026510847.1	24258	298997	12.33	0	154
NW_026510848.1	318195	805540	2.53	0	70
NW_026510849.1	35598	158407	4.45	0	75
NW_026510850.1	25509	105411	4.13	0	19
NW_026510851.1	22757	215997	9.49	0	114
NW_026510852.1	131609	294630	2.24	0	33
NW_026510853.1	196298	563037	2.87	0	38
NW_026510854.1	25391	40495	1.59	0	9
NW_026510855.1	182985	360637	1.97	0	18
NW_026510856.1	41116	132272	3.22	0	29
NW_026510857.1	29436	112787	3.83	0	15
NW_026510858.1	45292	157216	3.47	0	30
NW_026510859.1	43569	144128	3.31	0	18
NW_026510860.1	110515	462741	4.19	0	129
NW_026510861.1	50256	99029	1.97	0	16
NW_026510862.1	301617	778310	2.58	0	33
NW_026510863.1	39858	207632	5.21	0	57
NW_026510864.1	29463	93595	3.18	0	14
NW_026510865.1	63633	96919	1.52	0	10
NW_026510866.1	64127	118836	1.85	0	24
NW_026510867.1	47281	134132	2.84	0	20
NW_026510868.1	39634	131734	3.32	0	22
NW_026510869.1	58850	195510	3.32	0	18
NW_026510870.1	46758	137131	2.93	0	15
NW_026510871.1	29656	114907	3.87	0	39
NW_026510872.1	386608	1870508	4.84	0	72
NW_026510873.1	249894	649148	2.60	0	24
NW_026510874.1	44804	158391	3.54	0	28
NW_026510875.1	131269	294222	2.24	0	24
NW_026510876.1	44083	211340	4.79	0	91
NW_026510877.1	406329	702656	1.73	0	39
NW_026510878.1	37032	138180	3.73	0	45
NW_026510879.1	67116	316848	4.72	0	75
NW_026510880.1	90513	113681	1.26	0	10
NW_026510881.1	59610	123640	2.07	0	33
NW_026510882.1	71049	217390	3.06	0	16
NW_026510883.1	33755	106574	3.16	0	13
NW_026510884.1	137778	296747	2.15	0	21
NW_026510885.1	149092	343717	2.31	0	16
NW_026510886.1	136627	573261	4.20	0	32
NW_026510887.1	58259	405314	6.96	0	173
NW_026510888.1	43128	62572	1.45	0	9
NW_026510889.1	145947	537173	3.68	0	69
NW_026510890.1	31313	62069	1.98	0	12
NW_026510891.1	41575	121106	2.91	0	16
NW_026510892.1	152723	247559	1.62	0	29
NW_026510893.1	50145	72690	1.45	0	13
NW_026510894.1	168310	18819687	111.82	0	158404
NW_026510895.1	27596	188151	6.82	0	84
NW_026510896.1	53111	233518	4.40	0	75
NW_026510897.1	173336	254509	1.47	0	30
NW_026510898.1	32654	341302	10.45	0	289
NW_026510899.1	69884	354046	5.07	0	211
NW_026510900.1	57582	148976	2.59	0	37
NW_026510901.1	36769	91971	2.50	0	35
NW_026510902.1	13094	13372	1.02	0	6
NW_026510903.1	133911	472047	3.53	0	19
NW_026510904.1	116350	274071	2.36	0	20
NW_026510905.1	21065	38658	1.84	0	9
NW_026510906.1	46544	117564	2.53	0	17
NW_026510907.1	31559	94572	3.00	0	20
NW_026510908.1	42313	113932	2.69	0	14
NW_026510909.1	22942	44459	1.94	0	61
NW_026510910.1	35714	128682	3.60	0	20
NW_026510911.1	49998	90745	1.81	0	15
NW_026510912.1	12783	49237	3.85	0	28
NW_026510913.1	34412	159732	4.64	0	29
NW_026510914.1	20154	43676	2.17	0	23
NW_026510915.1	64384	97522	1.51	0	12
NW_026510916.1	26879	115141	4.28	0	56
NW_026510917.1	109331	376059	3.44	0	63
NW_026510918.1	342400	1191791	3.48	0	444
NW_026510919.1	257897	950930	3.69	0	84
NW_026510920.1	27621	180959	6.55	0	236
NW_026510921.1	53543	87658	1.64	0	13
NW_026510922.1	186050	543502	2.92	0	63
NW_026510923.1	12461	39471	3.17	0	20
NW_026510924.1	23472	57359	2.44	0	10
NW_026510925.1	16129	19650	1.22	0	7
NW_026510926.1	74514	87399	1.17	0	12
NW_026510927.1	270733	749981	2.77	0	142
NW_026510928.1	125326	379816	3.03	0	39
NW_026510929.1	26297	79056	3.01	0	16
NW_026510930.1	20946	65950	3.15	0	12
NW_026510931.1	51241	287178	5.60	0	30
NW_026510932.1	185679	405077	2.18	0	21
NW_026510933.1	39759	124987	3.14	0	20
NW_026510934.1	86851	214603	2.47	0	14
NW_026510935.1	6533	12353	1.89	0	7
NW_026510936.1	536005	1847304	3.45	0	187
NW_026510937.1	114872	257663	2.24	0	22
NW_026510938.1	303822	569544	1.87	0	143
NW_026510939.1	38855	88597	2.28	0	21
NW_026510940.1	190818	572776	3.00	0	18
NW_026510941.1	103143	266317	2.58	0	21
NW_026510942.1	75175	147330	1.96	0	19
NW_026510943.1	52073	167704	3.22	0	15
NW_026510944.1	100772	221557	2.20	0	21
NW_026510945.1	22836	73122	3.20	0	15
NW_026510946.1	65001	613841	9.44	0	713
NW_026510947.1	34851	78812	2.26	0	11
NW_026510948.1	50437	175627	3.48	0	15
NW_026510949.1	79124	156521	1.98	0	12
NW_026510950.1	153881	935082	6.08	0	830
NW_026510951.1	30430	133576	4.39	0	26
NW_026510952.1	139651	134477	0.96	0	10
NW_026510953.1	35667	128763	3.61	0	54
NW_026510954.1	10554	113774	10.78	0	70
NW_026510955.1	29302	83174	2.84	0	11
NW_026510956.1	49074	419398	8.55	0	121
NW_026510957.1	30070	146233	4.86	0	36
NW_026510958.1	85435	243330	2.85	0	44
NW_026510959.1	89752	173178	1.93	0	18
NW_026510960.1	45048	141744	3.15	0	50
NW_026510961.1	208153	815080	3.92	0	695
NW_026510962.1	97250	180578	1.86	0	18
NW_026510963.1	50008	58190	1.16	0	10
NW_026510964.1	23464	40453	1.72	0	11
NW_026510965.1	286038	789783	2.76	0	51
NW_026510966.1	33805	78415	2.32	0	10
NW_026510967.1	69167	38221	0.55	0	11
NW_026510968.1	52112	62517	1.20	0	7
NW_026510969.1	114126	277849	2.43	0	26
NW_026510970.1	25728	79413	3.09	0	12
NW_026510971.1	24083	43892	1.82	0	10
NW_026510972.1	312848	396903	1.27	0	25
NW_026510973.1	96591	250656	2.60	0	162
NW_026510974.1	79022	146376	1.85	0	14
NW_026510975.1	229305	382707	1.67	0	15
NW_026510976.1	133982	745351	5.56	0	33
NW_026510977.1	51742	90769	1.75	0	18
NW_026510978.1	52939	140814	2.66	0	17
NW_026510979.1	138391	339209	2.45	0	22
NW_026510980.1	25894	147350	5.69	0	73
NW_026510981.1	494628	959790	1.94	0	28
NW_026510982.1	38670	93021	2.41	0	12
NW_026510983.1	52257	65902	1.26	0	23
NW_026510984.1	92690	322123	3.48	0	23
NW_026510985.1	91036	178972	1.97	0	19
NW_026510986.1	86126	228432	2.65	0	13
NW_026510987.1	81584	172529	2.11	0	17
NW_026510988.1	74531	132023	1.77	0	47
NW_026510989.1	53888	528841	9.81	0	100
NW_026510990.1	53752	153821	2.86	0	30
NW_026510991.1	275815	807966	2.93	0	32
NW_026510992.1	59120	118418	2.00	0	22
NW_026510993.1	34081	20113	0.59	0	11
NW_026510994.1	50486	51431	1.02	0	7
NW_026510995.1	32079	77573	2.42	0	21
NW_026510996.1	10229	17174	1.68	0	22
NW_026510997.1	139942	193973	1.39	0	40
NW_026510998.1	32752	89926	2.75	0	35
NW_026510999.1	36546	277767	7.60	0	117
NW_026511000.1	144606	476968	3.30	0	19
NW_026511001.1	69612	126487	1.82	0	27
NW_026511002.1	44358	80772	1.82	0	10
NW_026511003.1	72776	515505	7.08	0	37
NW_026511004.1	36611	231054	6.31	0	346
NW_026511005.1	130673	264421	2.02	0	43
NW_026511006.1	20977	116564	5.56	0	20
NW_026511007.1	70174	161932	2.31	0	14
NW_026511008.1	124447	322123	2.59	0	17
NW_026511009.1	113200	415446	3.67	0	25
NW_026511010.1	23370	159977	6.85	0	23
NW_026511011.1	31592	72794	2.30	0	40
NW_026511012.1	251755	500624	1.99	0	17
NW_026511013.1	299885	657679	2.19	0	31
NW_026511014.1	94685	244016	2.58	0	41
NW_026511015.1	68894	94921	1.38	0	13
NW_026511016.1	21428	90365	4.22	0	21
NW_026511017.1	7349	31992	4.35	0	14
NW_026511018.1	100738	211202	2.10	0	53
NW_026511019.1	161866	403672	2.49	0	29
NW_026511020.1	58293	179937	3.09	0	32
NW_026511021.1	32798	149342	4.55	0	34
NW_026511022.1	44541	200463	4.50	0	25
NW_026511023.1	57060	117657	2.06	0	14
NW_026511024.1	21561	351305	16.29	0	64
NW_026511025.1	262684	341118	1.30	0	13
NW_026511026.1	43922	155941	3.55	0	13
NW_026511027.1	42649	78404	1.84	0	10
NW_026511028.1	41900	55806	1.33	0	17
NW_026511029.1	38259	171618	4.49	0	52
NW_026511030.1	61841	59952	0.97	0	9
NW_026511031.1	35582	127586	3.59	0	18
NW_026511032.1	121518	191779	1.58	0	18
NW_026511033.1	51978	67362	1.30	0	9
NW_026511034.1	23305	40976	1.76	0	9
NW_026511035.1	29326	98086	3.34	0	23
NW_026511036.1	195493	347574	1.78	0	21
NW_026511037.1	32405	233942	7.22	0	222
NW_026511038.1	31690	77919	2.46	0	11
NW_026511039.1	343202	734585	2.14	0	43
NW_026511040.1	234371	452796	1.93	0	47
NW_026511041.1	270045	1694914	6.28	0	181
NW_026511042.1	4519	2864	0.63	0	4
NW_026511043.1	14428	50970	3.53	0	22
NW_026511044.1	106949	599215	5.60	0	43
NW_026511045.1	55593	92909	1.67	0	15
NW_026511046.1	27758	264379	9.52	0	104
NW_026511047.1	67921	588654	8.67	0	47
NW_026511048.1	55740	295050	5.29	0	50
NW_026511049.1	50007	85563	1.71	0	15
NW_026511050.1	22969	70654	3.08	0	13
NW_026511051.1	318595	756517	2.37	0	37
NW_026511052.1	419461	1121470	2.67	0	27
NW_026511053.1	55399	302485	5.46	0	39
NW_026511054.1	192105	820948	4.27	0	102
NW_026511055.1	34579	274673	7.94	0	312
NW_026511056.1	79436	256025	3.22	0	24
NW_026511057.1	179973	463366	2.57	0	21
NW_026511058.1	21564	61571	2.86	0	16
NW_026511059.1	22032	55224	2.51	0	18
NW_026511060.1	223352	267712	1.20	0	23
NW_026511061.1	54386	479851	8.82	0	96
NW_026511062.1	27511	121866	4.43	0	44
NW_026511063.1	98851	248007	2.51	0	18
NW_026511064.1	61883	97002	1.57	0	27
NW_026511065.1	337158	1722376	5.11	0	192
NW_026511066.1	58892	1808211	30.70	0	310
NW_026511067.1	41919	136014	3.24	0	20
NW_026511068.1	33673	83432	2.48	0	22
NW_026511069.1	47667	132090	2.77	0	13
NW_026511070.1	23903	417258	17.46	0	231
NW_026511071.1	44283	427973	9.66	0	112
NW_026511072.1	60622	122990	2.03	0	18
NW_026511073.1	156071	558589	3.58	0	24
NW_026511074.1	62439	521290	8.35	0	902
NW_026511075.1	84339	355263	4.21	0	19
NW_026511076.1	26384	58444	2.22	0	17
NW_026511077.1	34645	24841	0.72	0	13
NW_026511078.1	38188	58088	1.52	0	11
NW_026511079.1	109361	1382529	12.64	0	176
NW_026511080.1	35176	149401	4.25	0	18
NW_026511081.1	22439	46419	2.07	0	10
NW_026511082.1	57410	373143	6.50	0	150
NW_026511083.1	250617	554512	2.21	0	29
NW_026511084.1	149114	216015	1.45	0	27
NW_026511085.1	242584	1782171	7.35	0	188
NW_026511086.1	38001	105515	2.78	0	46
NW_026511087.1	31644	99427	3.14	0	24
NW_026511088.1	117634	369924	3.14	0	22
NW_026511089.1	43609	249727	5.73	0	102
NW_026511090.1	49570	140167	2.83	0	22
NW_026511091.1	240041	386392	1.61	0	46
NW_026511092.1	76359	211628	2.77	0	287
NW_026511093.1	25728	99038	3.85	0	31
NW_026511094.1	86668	113804	1.31	0	11
NW_026511095.1	48571	201417	4.15	0	16
NW_026511096.1	21156	64296	3.04	0	10
NW_026511097.1	370870	1142886	3.08	0	145
NW_026511098.1	46340	173278	3.74	0	18
NW_026511099.1	62147	275629	4.44	0	73
NW_026511100.1	317244	976090	3.08	0	96
NW_026511101.1	2706	24173	8.93	0	54
NW_026511102.1	34013	75430	2.22	0	11
NW_026511103.1	156548	264244	1.69	0	23
NW_026511104.1	38552	53997	1.40	0	9
NW_026511105.1	474804	1992645	4.20	0	35
NW_026511106.1	89200	249666	2.80	0	32
NW_026511107.1	43811	142775	3.26	0	16
NW_026511108.1	78539	315629	4.02	0	144
NW_026511109.1	31504	80745	2.56	0	11
NW_026511110.1	195476	359680	1.84	0	60
NW_026511111.1	43215	143174	3.31	0	15
NW_026511112.1	33141	148614	4.48	0	25
NW_026511113.1	45846	123625	2.70	0	13
NW_026511114.1	39743	159448	4.01	0	151
NW_026511115.1	49342	282818	5.73	0	33
NW_026511116.1	49997	56384	1.13	0	9
NW_026511117.1	49838	84039	1.69	0	15
NW_026511118.1	16311	48169	2.95	0	12
NW_026511119.1	104457	263597	2.52	0	13
NW_026511120.1	429902	887462	2.06	0	53
NW_026511121.1	37929	203765	5.37	0	95
NW_026511122.1	58864	541156	9.19	0	296
NW_026511123.1	31115	318357	10.23	0	266
NW_026511124.1	153317	737114	4.81	0	74
NW_026511125.1	52633	204910	3.89	0	24
NW_026511126.1	28305	70995	2.51	0	13
NW_026511127.1	59567	3368133	56.54	0	850
NW_026511128.1	38636	61120	1.58	0	27
NW_026511129.1	35568	169007	4.75	0	26
NW_026511130.1	134979	338568	2.51	0	21
NW_026511131.1	44298	220734	4.98	0	179
NW_026511132.1	23655	67109	2.84	0	13
NW_026511133.1	133670	298232	2.23	0	54
NW_026511134.1	45660	124763	2.73	0	17
NW_026511135.1	86432	61173	0.71	0	11
NW_026511136.1	94910	261995	2.76	0	18
NW_026511137.1	45483	118343	2.60	0	13
NW_026511138.1	49996	60503	1.21	0	10
NW_026511139.1	41629	208282	5.00	0	29
NW_026511140.1	87318	164465	1.88	0	31
NW_026511141.1	63808	148591	2.33	0	16
NW_026511142.1	81945	250457	3.06	0	20
NW_026511143.1	104339	256992	2.46	0	26
NW_026511144.1	357742	1737234	4.86	0	152
NW_026511145.1	50885	231592	4.55	0	41
NW_026511146.1	182506	660798	3.62	0	21
NW_026511147.1	48367	87746	1.81	0	12
NW_026511148.1	155783	475684	3.05	0	37
NW_026511149.1	139113	289225	2.08	0	37
NW_026511150.1	123758	609421	4.92	0	38
NW_026511151.1	8466	60899	7.19	0	21
NW_026511152.1	109659	251087	2.29	0	61
NW_026511153.1	57577	323820	5.62	0	159
NW_026511154.1	24206	106705	4.41	0	22
NW_026511155.1	35755	96561	2.70	0	13
NW_026511156.1	52288	236616	4.53	0	21
NW_026511157.1	31380	74213	2.36	0	15
NW_026511158.1	82465	369805	4.48	0	40
NW_026511159.1	52141	126397	2.42	0	15
NW_026511160.1	36718	150232	4.09	0	34
NW_026511161.1	64998	140662	2.16	0	447
NW_026511162.1	36653	152405	4.16	0	40
NW_026511163.1	40281	137094	3.40	0	16
NW_026511164.1	28605	210967	7.38	0	29
NW_026511165.1	139047	424810	3.06	0	28
NW_026511166.1	39585	230370	5.82	0	35
NW_026511167.1	42327	101006	2.39	0	13
NW_026511168.1	50421	244569	4.85	0	175
NW_026511169.1	47145	162167	3.44	0	23
NW_026511170.1	20211	106004	5.24	0	36
NW_026511171.1	72755	132677	1.82	0	16
NW_026511172.1	122516	317093	2.59	0	56
NW_026511173.1	53800	167285	3.11	0	27
NW_026511174.1	27583	101150	3.67	0	51
NW_026511175.1	136895	265053	1.94	0	22
NW_026511176.1	57008	61421	1.08	0	15
NW_026511177.1	42695	123070	2.88	0	15
NW_026511178.1	55007	128756	2.34	0	23
NW_026511179.1	25877	102975	3.98	0	16
NW_026511180.1	26134	41389	1.58	0	9
NW_026511181.1	112352	214465	1.91	0	17
NW_026511182.1	73286	165529	2.26	0	13
NW_026511183.1	42560	79027	1.86	0	10
NW_026511184.1	40652	120383	2.96	0	41
NW_026511185.1	52437	296262	5.65	0	111
NW_026511186.1	63108	98195	1.56	0	15
NW_026511187.1	52206	66440	1.27	0	11
NW_026511188.1	25905	79632	3.07	0	17
NW_026511189.1	58780	138178	2.35	0	10
NW_026511190.1	46321	78383	1.69	0	67
NW_026511191.1	22507	279473	12.42	0	1314
NW_026511192.1	61134	83328	1.36	0	13
NW_026511193.1	152987	557943	3.65	0	23
NW_026511194.1	114232	324305	2.84	0	17
NW_026511195.1	71956	212875	2.96	0	35
NW_026511196.1	44446	162692	3.66	0	18
NW_026511197.1	12958	18783	1.45	0	8
NW_026511198.1	132177	290999	2.20	0	64
NW_026511199.1	41175	107755	2.62	0	11
NW_026511200.1	222825	570346	2.56	0	23
NW_026511201.1	32960	115858	3.52	0	12
NW_026511202.1	48126	208972	4.34	0	24
NW_026511203.1	50570	100809	1.99	0	11
NW_026511204.1	453183	1224066	2.70	0	21
NW_026511205.1	38990	136869	3.51	0	18
NW_026511206.1	36009	224014	6.22	0	45
NW_026511207.1	56999	130668	2.29	0	53
NW_026511208.1	198052	317469	1.60	0	19
NW_026511209.1	2741	5021	1.83	0	11
NW_026511210.1	327986	673189	2.05	0	25
NW_026511211.1	203366	1178376	5.79	0	167
NW_026511212.1	46685	134482	2.88	0	16
NW_026511213.1	150648	306498	2.03	0	14
NW_026511214.1	13195	47427	3.59	0	16
NW_026511215.1	42740	159630	3.73	0	60
NW_026511216.1	43993	166008	3.77	0	19
NW_026511217.1	20567	91494	4.45	0	148
NW_026511218.1	70728	115249	1.63	0	14
NW_026511219.1	59503	103746	1.74	0	13
NW_026511220.1	139956	290533	2.08	0	170
NW_026511221.1	43228	108616	2.51	0	15
NW_026511222.1	115773	176133	1.52	0	13
NW_026511223.1	63457	150653	2.37	0	15
NW_026511224.1	177726	436784	2.46	0	226
NW_026511225.1	113218	235784	2.08	0	15
NW_026511226.1	70966	236162	3.33	0	40
NW_026511227.1	139217	289663	2.08	0	22
NW_026511228.1	108302	163910	1.51	0	36
NW_026511229.1	160348	299439	1.87	0	16
NW_026511230.1	58610	203442	3.47	0	20
NW_026511231.1	35542	71504	2.01	0	11
NW_026511232.1	33909	104888	3.09	0	13
NW_026511233.1	38306	197155	5.15	0	63
NW_026511234.1	137710	355718	2.58	0	20
NW_026511235.1	50345	174083	3.46	0	25
NW_026511236.1	25271	27008	1.07	0	7
NW_026511237.1	23706	74274	3.13	0	14
NW_026511238.1	26800	80124	2.99	0	19
NW_026511239.1	25162	132217	5.25	0	25
NW_026511240.1	35197	120703	3.43	0	18
NW_026511241.1	157465	341018	2.17	0	18
NW_026511242.1	56419	241718	4.28	0	38
NW_026511243.1	233658	556386	2.38	0	47
NW_026511244.1	26909	110066	4.09	0	26
NW_026511245.1	49965	90038	1.80	0	13
NW_026511246.1	36267	53946	1.49	0	14
NW_026511247.1	122662	169751	1.38	0	33
NW_026511248.1	596214	2025951	3.40	0	22
NW_026511249.1	161382	697463	4.32	0	214
NW_026511250.1	4124	3521	0.85	0	9
NW_026511251.1	146719	276247	1.88	0	14
NW_026511252.1	26797	180489	6.74	0	143
NW_026511253.1	96701	205403	2.12	0	17
NW_026511254.1	45423	143970	3.17	0	16
NW_026511255.1	279562	496057	1.77	0	24
NW_026511256.1	48554	96483	1.99	0	15
NW_026511257.1	20414	73536	3.60	0	14
NW_026511258.1	372806	2081253	5.58	0	276
NW_026511259.1	30600	108246	3.54	0	19
NW_026511260.1	74294	202075	2.72	0	18
NW_026511261.1	26589	96186	3.62	0	14
NW_026511262.1	52886	91842	1.74	0	11
NW_026511263.1	41121	110461	2.69	0	17
NW_026511264.1	57231	113176	1.98	0	12
NW_026511265.1	44855	226197	5.04	0	50
NW_026511266.1	506897	3469702	6.84	0	310
NW_026511267.1	52884	67324	1.27	0	7
NW_026511268.1	355071	474831	1.34	0	17
NW_026511269.1	92883	160837	1.73	0	17
NW_026511270.1	46973	210720	4.49	0	26
NW_026511271.1	40921	109922	2.69	0	15
NW_026511272.1	72784	198934	2.73	0	46
NW_026511273.1	38547	170754	4.43	0	42
NW_026511274.1	51464	27987	0.54	0	8
NW_026511275.1	63114	454718	7.20	0	131
NW_026511276.1	222288	793443	3.57	0	61
NW_026511277.1	43472	127510	2.93	0	17
NW_026511278.1	54032	87035	1.61	0	21
NW_026511279.1	50873	169646	3.33	0	19
NW_026511280.1	323256	1013386	3.13	0	157
NW_026511281.1	108101	417155	3.86	0	38
NW_026511282.1	54402	109166	2.01	0	13
NW_026511283.1	30576	63560	2.08	0	18
NW_026511284.1	23491	93505	3.98	0	14
NW_026511285.1	54543	69033	1.27	0	12
NW_026511286.1	15008	34783	2.32	0	11
NW_026511287.1	322689	767581	2.38	0	25
NW_026511288.1	43751	115942	2.65	0	13
NW_026511289.1	38638	107605	2.78	0	30
NW_026511290.1	179996	541700	3.01	0	71
NW_026511291.1	50012	101612	2.03	0	15
NW_026511292.1	45347	60689	1.34	0	15
NW_026511293.1	42398	313998	7.41	0	354
NW_026511294.1	33759	95764	2.84	0	14
NW_026511295.1	136773	176201	1.29	0	24
NW_026511296.1	61612	115024	1.87	0	10
NW_026511297.1	46065	189199	4.11	0	20
NW_026511298.1	97999	230543	2.35	0	26
NW_026511299.1	39183	144158	3.68	0	28
NW_026511300.1	45244	71280	1.58	0	12
NW_026511301.1	21047	311455	14.80	0	394
NW_026511302.1	17492	291219	16.65	0	52
NW_026511303.1	207628	506473	2.44	0	22
NW_026511304.1	2436	2491	1.02	0	4
NW_026511305.1	124640	390209	3.13	0	20
NW_026511306.1	51553	73859	1.43	0	25
NW_026511307.1	92607	97597	1.05	0	404
NW_026511308.1	27300	93147	3.41	0	244
NW_026511309.1	124038	348236	2.81	0	14
NW_026511310.1	42342	85182	2.01	0	10
NW_026511311.1	39518	74092	1.87	0	24
NW_026511312.1	68107	216806	3.18	0	39
NW_026511313.1	33103	63622	1.92	0	10
NW_026511314.1	118836	489647	4.12	0	44
NW_026511315.1	73728	265598	3.60	0	18
NW_026511316.1	23987	490208	20.44	0	586
NW_026511317.1	13775	44473	3.23	0	23
NW_026511318.1	51889	166295	3.20	0	19
NW_026511319.1	51163	160518	3.14	0	23
NW_026511320.1	26236	113176	4.31	0	27
NW_026511321.1	19584	117124	5.98	0	31
NW_026511322.1	364046	874553	2.40	0	104
NW_026511323.1	308800	613101	1.99	0	25
NW_026511324.1	69178	183927	2.66	0	24
NW_026511325.1	59851	93252	1.56	0	16
NW_026511326.1	48504	206368	4.25	0	20
NW_026511327.1	23596	91408	3.87	0	15
NW_026511328.1	35725	170875	4.78	0	44
NW_026511329.1	30965	100899	3.26	0	29
NW_026511330.1	87416	245518	2.81	0	17
NW_026511331.1	50002	93805	1.88	0	10
NW_026511332.1	52684	165695	3.15	0	28
NW_026511333.1	181955	261764	1.44	0	21
NW_026511334.1	82848	120564	1.46	0	13
NW_026511335.1	57719	427589	7.41	0	357
NW_026511336.1	48068	52255	1.09	0	11
NW_026511337.1	50668	97971	1.93	0	25
NW_026511338.1	81763	114713	1.40	0	50
NW_026511339.1	57700	446626	7.74	0	80
NW_026511340.1	50003	127152	2.54	0	11
NW_026511341.1	38908	73205	1.88	0	10
NW_026511342.1	43031	121678	2.83	0	14
NW_026511343.1	290583	449105	1.55	0	37
NW_026511344.1	216073	641984	2.97	0	17
NW_026511345.1	6472	23936	3.70	0	18
NW_026511346.1	105998	368159	3.47	0	18
NW_026511347.1	65935	98465	1.49	0	22
NW_026511348.1	46453	150037	3.23	0	18
NW_026511349.1	30339	126296	4.16	0	35
NW_026511350.1	140003	913820	6.53	0	1832
NW_026511351.1	162672	450163	2.77	0	95
NW_026511352.1	60085	80895	1.35	0	20
NW_026511353.1	29171	54246	1.86	0	10
NW_026511354.1	52519	74947	1.43	0	9
NW_026511355.1	201660	1135252	5.63	0	1083
NW_026511356.1	25619	123773	4.83	0	34
NW_026511357.1	32889	395842	12.04	0	107
NW_026511358.1	423037	808972	1.91	0	22
NW_026511359.1	36982	189562	5.13	0	21
NW_026511360.1	280412	539783	1.92	0	22
NW_026511361.1	158416	324701	2.05	0	25
NW_026511362.1	73633	184350	2.50	0	15
NW_026511363.1	20072	74074	3.69	0	13
NW_026511364.1	73432	158459	2.16	0	14
NW_026511365.1	39079	75408	1.93	0	39
NW_026511366.1	60227	87666	1.46	0	25
NW_026511367.1	21751	64463	2.96	0	14
NW_026511368.1	81239	138511	1.70	0	23
NW_026511369.1	55959	165814	2.96	0	33
NW_026511370.1	59030	116356	1.97	0	10
NW_026511371.1	54591	79851	1.46	0	26
NW_026511372.1	220051	682980	3.10	0	21
NW_026511373.1	62229	105275	1.69	0	12
NW_026511374.1	47168	130754	2.77	0	12
NW_026511375.1	55813	168079	3.01	0	16
NW_026511376.1	57476	238753	4.15	0	16
NW_026511377.1	469054	1900870	4.05	0	81
NW_026511378.1	24341	83754	3.44	0	26
NW_026511379.1	36840	42551	1.16	0	9
NW_026511380.1	78483	301230	3.84	0	60
NW_026511381.1	711	1778	2.50	0	5
NW_026511382.1	19903	73993	3.72	0	30
NW_026511383.1	137638	271628	1.97	0	18
NW_026511384.1	83662	104891	1.25	0	11
NW_026511385.1	90183	197040	2.18	0	18
NW_026511386.1	28273	182100	6.44	0	192
NW_026511387.1	25692	125467	4.88	0	53
NW_026511388.1	37792	100595	2.66	0	14
NW_026511389.1	334024	753989	2.26	0	55
NW_026511390.1	55941	42730	0.76	0	7
NW_026511391.1	45310	240193	5.30	0	42
NW_026511392.1	25780	102647	3.98	0	14
NW_026511393.1	106462	360188	3.38	0	28
NW_026511394.1	333523	428410	1.28	0	38
NW_026511395.1	201121	297699	1.48	0	28
NW_026511396.1	153231	449417	2.93	0	109
NW_026511397.1	225006	615309	2.73	0	15
NW_026511398.1	85375	299589	3.51	0	50
NW_026511399.1	56441	218111	3.86	0	34
NW_026511400.1	221325	267347	1.21	0	47
NW_026511401.1	306632	1109855	3.62	0	74
NW_026511402.1	312064	1199308	3.84	0	53
NW_026511403.1	135888	301725	2.22	0	15
NW_026511404.1	64185	213596	3.33	0	30
NW_026511405.1	80435	142751	1.77	0	15
NW_026511406.1	46357	146855	3.17	0	12
NW_026511407.1	25659	74301	2.90	0	14
NW_026511408.1	146555	213465	1.46	0	14
NW_026511409.1	38493	156529	4.07	0	65
NW_026511410.1	428239	779578	1.82	0	19
NW_026511411.1	40577	385490	9.50	0	343
NW_026511412.1	59765	157441	2.63	0	16
NW_026511413.1	97257	333264	3.43	0	22
NW_026511414.1	49979	90041	1.80	0	10
NW_026511415.1	14741	19733	1.34	0	13
NW_026511416.1	574793	2147523	3.74	0	1080
NW_026511417.1	24094	75698	3.14	0	15
NW_026511418.1	83458	225295	2.70	0	26
NW_026511419.1	49824	285070	5.72	0	51
NW_026511420.1	56048	210159	3.75	0	119
NW_026511421.1	44577	407501	9.14	0	106
NW_026511422.1	56449	751372	13.31	0	398
NW_026511423.1	133171	337027	2.53	0	43
NW_026511424.1	50286	405098	8.06	0	65
NW_026511425.1	48317	76034	1.57	0	19
NW_026511426.1	57483	150538	2.62	0	35
NW_026511427.1	971	1325	1.36	0	5
NW_026511428.1	23661	509073	21.52	0	299
NW_026511429.1	247421	457311	1.85	0	25
NW_026511430.1	144849	279400	1.93	0	15
NW_026511431.1	1783	1301	0.73	0	3
NW_026511432.1	55054	211667	3.84	0	21
NW_026511433.1	43855	41282	0.94	0	10
NW_026511434.1	212891	631883	2.97	0	23
NW_026511435.1	41111	304949	7.42	0	94
NW_026511436.1	33776	108268	3.21	0	11
NW_026511437.1	68596	502636	7.33	0	86
NW_026511438.1	31421	81068	2.58	0	14
NW_026511439.1	34945	94661	2.71	0	18
NW_026511440.1	38789	77629	2.00	0	12
NW_026511441.1	32122	71120	2.21	0	13
NW_026511442.1	340847	1281369	3.76	0	47
NW_026511443.1	154339	194359	1.26	0	37
NW_026511444.1	28698	92228	3.21	0	26
NW_026511445.1	42126	114731	2.72	0	25
NW_026511446.1	30013	51009	1.70	0	26
NW_026511447.1	54213	103452	1.91	0	23
NW_026511448.1	172866	377190	2.18	0	30
NW_026511449.1	30367	44535	1.47	0	8
NW_026511450.1	228563	545307	2.39	0	25
NW_026511451.1	40118	147109	3.67	0	18
NW_026511452.1	50974	155350	3.05	0	19
NW_026511453.1	21271	86343	4.06	0	11
NW_026511454.1	127838	419153	3.28	0	31
NW_026511455.1	36423	175671	4.82	0	45
NW_026511456.1	48142	461558	9.59	0	129
NW_026511457.1	9248	18063	1.95	0	8
NW_026511458.1	107230	128573	1.20	0	23
NW_026511459.1	60572	96045	1.59	0	14
NW_026511460.1	59910	148641	2.48	0	14
NW_026511461.1	49998	94606	1.89	0	15
NW_026511462.1	40582	67346	1.66	0	12
NW_026511463.1	44801	88389	1.97	0	16
NW_026511464.1	33918	30467	0.90	0	14
NW_026511465.1	30729	110647	3.60	0	16
NW_026511466.1	56235	108905	1.94	0	23
NW_026511467.1	144583	536552	3.71	0	20
NW_026511468.1	54293	218321	4.02	0	95
NW_026511469.1	49995	102808	2.06	0	14
NW_026511470.1	71101	147434	2.07	0	14
NW_026511471.1	24149	63149	2.61	0	11
NW_026511472.1	56814	166280	2.93	0	37
NW_026511473.1	75883	161578	2.13	0	15
NW_026511474.1	126885	632003	4.98	0	56
NW_026511475.1	50745	448066	8.83	0	89
NW_026511476.1	51499	242848	4.72	0	34
NW_026511477.1	35794	133436	3.73	0	17
NW_026511478.1	50019	86989	1.74	0	10
NW_026511479.1	189391	269770	1.42	0	14
NW_026511480.1	51438	90061	1.75	0	33
NW_026511481.1	55342	219807	3.97	0	38
NW_026511482.1	54968	123573	2.25	0	25
NW_026511483.1	175263	659279	3.76	0	45
NW_026511484.1	228528	477632	2.09	0	22
NW_026511485.1	47585	144514	3.04	0	20
NW_026511486.1	45498	94304	2.07	0	18
NW_026511487.1	12847	10034	0.78	0	7
NW_026511488.1	72414	125100	1.73	0	28
NW_026511489.1	251251	1074181	4.28	0	95
NW_026511490.1	56196	232967	4.15	0	41
NW_026511491.1	57801	201912	3.49	0	34
NW_026511492.1	22375	41528	1.86	0	10
NW_026511493.1	345540	690038	2.00	0	31
NW_026511494.1	40131	146440	3.65	0	26
NW_026511495.1	34215	92992	2.72	0	12
NW_026511496.1	121020	1096814	9.06	0	243
NW_026511497.1	59759	743710	12.45	0	4274
NW_026511498.1	165302	383848	2.32	0	13
NW_026511499.1	36789	98139	2.67	0	16
NW_026511500.1	46772	113109	2.42	0	12
NW_026511501.1	13815	3640	0.26	0	10
NW_026511502.1	100121	366248	3.66	0	18
NW_026511503.1	49998	91315	1.83	0	21
NW_026511504.1	8364	40833	4.88	0	22
NW_026511505.1	54166	282825	5.22	0	87
NW_026511506.1	29222	134708	4.61	0	25
NW_026511507.1	50000	86515	1.73	0	48
NW_026511508.1	11525	25059	2.17	0	16
NW_026511509.1	64062	127153	1.98	0	12
NW_026511510.1	126578	524631	4.14	0	57
NW_026511511.1	23210	78367	3.38	0	19
NW_026511512.1	21584	95008	4.40	0	15
NW_026511513.1	119309	160688	1.35	0	30
NW_026511514.1	48783	90578	1.86	0	23
NW_026511515.1	62833	71321	1.14	0	15
NW_026511516.1	30523	11048	0.36	0	4
NW_026511517.1	388789	495293	1.27	0	50
NW_026511518.1	73403	295402	4.02	0	27
NW_026511519.1	66945	79760	1.19	0	12
NW_026511520.1	32367	106970	3.30	0	18
NW_026511521.1	55903	137322	2.46	0	14
NW_026511522.1	77218	222782	2.89	0	19
NW_026511523.1	62833	118503	1.89	0	13
NW_026511524.1	41715	73404	1.76	0	11
NW_026511525.1	34911	140093	4.01	0	21
NW_026511526.1	115365	305677	2.65	0	25
NW_026511527.1	54669	33747	0.62	0	11
NW_026511528.1	25845	111400	4.31	0	20
NW_026511529.1	93979	236373	2.52	0	13
NW_026511530.1	54245	129265	2.38	0	18
NW_026511531.1	229176	352241	1.54	0	16
NW_026511532.1	27717	77296	2.79	0	17
NW_026511533.1	54380	160788	2.96	0	14
NW_026511534.1	43767	161154	3.68	0	80
NW_026511535.1	29963	88263	2.95	0	13
NW_026511536.1	39450	165435	4.19	0	18
NW_026511537.1	15488	38177	2.46	0	19
NW_026511538.1	85259	323499	3.79	0	27
NW_026511539.1	128932	370942	2.88	0	100
NW_026511540.1	427265	827596	1.94	0	96
NW_026511541.1	142060	545019	3.84	0	35
NW_026511542.1	55337	215096	3.89	0	27
NW_026511543.1	185879	396624	2.13	0	32
NW_026511544.1	54972	466950	8.49	0	416
NW_026511545.1	69862	162166	2.32	0	25
NW_026511546.1	224072	705010	3.15	0	28
NW_026511547.1	361878	625650	1.73	0	18
NW_026511548.1	34661	95960	2.77	0	14
NW_026511549.1	282602	923198	3.27	0	60
NW_026511550.1	51531	79000	1.53	0	11
NW_026511551.1	31854	87032	2.73	0	15
NW_026511552.1	49915	57582	1.15	0	11
NW_026511553.1	253954	764792	3.01	0	33
NW_026511554.1	267483	1074523	4.02	0	75
NW_026511555.1	36365	125846	3.46	0	107
NW_026511556.1	139765	331052	2.37	0	22
NW_026511557.1	42473	167261	3.94	0	20
NW_026511558.1	44390	144812	3.26	0	14
NW_026511559.1	47239	145890	3.09	0	23
NW_026511560.1	36907	127668	3.46	0	14
NW_026511561.1	54944	200070	3.64	0	17
NW_026511562.1	111539	332874	2.98	0	15
NW_026511563.1	32791	95877	2.92	0	11
NW_026511564.1	378127	1652101	4.37	0	514
NW_026511565.1	40495	102718	2.54	0	20
NW_026511566.1	170646	283617	1.66	0	17
NW_026511567.1	27594	26590	0.96	0	12
NW_026511568.1	115834	208286	1.80	0	15
NW_026511569.1	27011	169633	6.28	0	75
NW_026511570.1	215490	635035	2.95	0	43
NW_026511571.1	47938	196854	4.11	0	53
NW_026511572.1	41372	109420	2.64	0	18
NW_026511573.1	47973	144576	3.01	0	18
NW_026511574.1	63200	86803	1.37	0	10
NW_026511575.1	71533	225932	3.16	0	37
NW_026511576.1	50872	177199	3.48	0	30
NW_026511577.1	31791	140410	4.42	0	20
NW_026511578.1	46284	125003	2.70	0	11
NW_026511579.1	28234	44044	1.56	0	12
NW_026511580.1	28009	37577	1.34	0	8
NW_026511581.1	61169	239194	3.91	0	20
NW_026511582.1	58325	272403	4.67	0	76
NW_026511583.1	43963	167868	3.82	0	16
NW_026511584.1	38437	145109	3.78	0	61
NW_026511585.1	37333	379808	10.17	0	138
NW_026511586.1	40818	118805	2.91	0	20
NW_026511587.1	31047	111355	3.59	0	91
NW_026511588.1	84287	373278	4.43	0	26
NW_026511589.1	68076	282866	4.16	0	66
NW_026511590.1	53615	181207	3.38	0	21
NW_026511591.1	2526	955	0.38	0	4
NW_026511592.1	23666	81448	3.44	0	48
NW_026511593.1	30459	39035	1.28	0	9
NW_026511594.1	31257	117043	3.74	0	20
NW_026511595.1	40181	107564	2.68	0	53
NW_026511596.1	51431	128770	2.50	0	23
NW_026511597.1	198588	744802	3.75	0	101
NW_026511598.1	55221	248058	4.49	0	88
NW_026511599.1	50469	87626	1.74	0	12
NW_026511600.1	47979	119620	2.49	0	13
NW_026511601.1	42664	82149	1.93	0	15
NW_026511602.1	55134	188321	3.42	0	42
NW_026511603.1	2451	5551	2.26	0	10
NW_026511604.1	50008	63875	1.28	0	10
NW_026511605.1	91708	316419	3.45	0	24
NW_026511606.1	117735	335413	2.85	0	26
NW_026511607.1	303955	604552	1.99	0	26
NW_026511608.1	49335	269011	5.45	0	45
NW_026511609.1	32756	85386	2.61	0	13
NW_026511610.1	362163	1547069	4.27	0	191
NW_026511611.1	220196	360938	1.64	0	13
NW_026511612.1	57164	373531	6.53	0	49
NW_026511613.1	59741	182021	3.05	0	49
NW_026511614.1	68423	120688	1.76	0	19
NW_026511615.1	127299	471416	3.70	0	105
NW_026511616.1	18522	27103	1.46	0	10
NW_026511617.1	35135	150746	4.29	0	54
NW_026511618.1	86885	203957	2.35	0	77
NW_026511619.1	51403	64553	1.26	0	8
NW_026511620.1	41916	632452	15.09	0	504
NW_026511621.1	79105	260295	3.29	0	18
NW_026511622.1	34474	66196	1.92	0	22
NW_026511623.1	28221	93831	3.32	0	12
NW_026511624.1	73241	46593	0.64	0	14
NW_026511625.1	103390	384238	3.72	0	17
NW_026511626.1	22423	45398	2.02	0	22
NW_026511627.1	72684	162010	2.23	0	84
NW_026511628.1	66364	249984	3.77	0	23
NW_026511629.1	46424	115241	2.48	0	13
NW_026511630.1	45600	112365	2.46	0	39
NW_026511631.1	33841	42205	1.25	0	17
NW_026511632.1	29392	296830	10.10	0	354
NW_026511633.1	52621	116554	2.21	0	12
NW_026511634.1	191939	694010	3.62	0	103
NW_026511635.1	48287	158481	3.28	0	13
NW_026511636.1	167003	208221	1.25	0	16
NW_026511637.1	22601	1015125	44.92	0	113
NW_026511638.1	72404	212588	2.94	0	25
NW_026511639.1	63048	141779	2.25	0	13
NW_026511640.1	157720	479976	3.04	0	37
NW_026511641.1	56716	95959	1.69	0	14
NW_026511642.1	41865	46103	1.10	0	9
NW_026511643.1	171671	319813	1.86	0	19
NW_026511644.1	98417	101409	1.03	0	10
NW_026511645.1	54399	173367	3.19	0	24
NW_026511646.1	347672	464899	1.34	0	23
NW_026511647.1	31050	80057	2.58	0	18
NW_026511648.1	35055	133843	3.82	0	20
NW_026511649.1	46083	152302	3.30	0	26
NW_026511650.1	40474	106064	2.62	0	160
NW_026511651.1	23264	146975	6.32	0	24
NW_026511652.1	98312	222743	2.27	0	20
NW_026511653.1	56738	269614	4.75	0	33
NW_026511654.1	51727	207752	4.02	0	30
NW_026511655.1	31229	60395	1.93	0	10
NW_026511656.1	158204	252488	1.60	0	29
NW_026511657.1	118470	324602	2.74	0	38
NW_026511658.1	53381	141714	2.65	0	19
NW_026511659.1	91588	336908	3.68	0	36
NW_026511660.1	29987	57598	1.92	0	10
NW_026511661.1	45917	490791	10.69	0	541
NW_026511662.1	47585	1233397	25.92	0	1542
NW_026511663.1	256606	604611	2.36	0	32
NW_026511664.1	60969	105147	1.72	0	10
NW_026511665.1	52185	251921	4.83	0	37
NW_026511666.1	392631	1061520	2.70	0	35
NW_026511667.1	26532	70618	2.66	0	15
NW_026511668.1	9381	46346	4.94	0	18
NW_026511669.1	124908	358675	2.87	0	2278
NW_026511670.1	58084	153867	2.65	0	14
NW_026511671.1	41874	291329	6.96	0	37
NW_026511672.1	194333	310820	1.60	0	36
NW_026511673.1	75025	303152	4.04	0	58
NW_026511674.1	50056	106814	2.13	0	21
NW_026511675.1	53224	106228	2.00	0	11
NW_026511676.1	59674	112364	1.88	0	36
NW_026511677.1	381798	973490	2.55	0	47
NW_026511678.1	43763	98310	2.25	0	19
NW_026511679.1	32751	329641	10.07	0	129
NW_026511680.1	168995	617241	3.65	0	34
NW_026511681.1	110040	632941	5.75	0	63
NW_026511682.1	59618	194322	3.26	0	41
NW_026511683.1	83724	352389	4.21	0	27
NW_026511684.1	157121	590509	3.76	0	41
NW_026511685.1	58405	129824	2.22	0	23
NW_026511686.1	199486	471311	2.36	0	40
NW_026511687.1	43127	162868	3.78	0	15
NW_026511688.1	32630	415634	12.74	0	610
NW_026511689.1	39500	100827	2.55	0	11
NW_026511690.1	192316	828460	4.31	0	66
NW_026511691.1	1218	373	0.31	0	2
NW_026511692.1	86831	162600	1.87	0	32
NW_026511693.1	96221	149879	1.56	0	23
NW_026511694.1	35833	120458	3.36	0	12
NW_026511695.1	383358	1118527	2.92	0	31
NW_026511696.1	73873	140544	1.90	0	16
NW_026511697.1	57799	156701	2.71	0	32
NW_026511698.1	54073	137480	2.54	0	113
NW_026511699.1	99694	501004	5.03	0	81
NW_026511700.1	34648	108655	3.14	0	37
NW_026511701.1	67283	224247	3.33	0	88
NW_026511702.1	22786	95400	4.19	0	27
NW_026511703.1	177017	393630	2.22	0	20
NW_026511704.1	36253	104344	2.88	0	21
NW_026511705.1	26005	18302	0.70	0	9
NW_026511706.1	24114	82787	3.43	0	15
NW_026511707.1	41615	53348	1.28	0	9
NW_026511708.1	46499	548013	11.79	0	208
NW_026511709.1	41579	72925	1.75	0	11
NW_026511710.1	300799	895981	2.98	0	34
NW_026511711.1	33649	34927	1.04	0	10
NW_026511712.1	17865	43938	2.46	0	10
NW_026511713.1	31122	99400	3.19	0	24
NW_026511714.1	88728	159407	1.80	0	27
NW_026511715.1	20815	60480	2.91	0	21
NW_026511716.1	95255	218944	2.30	0	28
NW_026511717.1	62570	99874	1.60	0	15
NW_026511718.1	46263	216564	4.68	0	32
NW_026511719.1	74522	100803	1.35	0	16
NW_026511720.1	24997	47948	1.92	0	12
NW_026511721.1	149752	320945	2.14	0	22
NW_026511722.1	59941	202246	3.37	0	18
NW_026511723.1	55121	90382	1.64	0	12
NW_026511724.1	101530	171446	1.69	0	27
NW_026511725.1	22339	85124	3.81	0	19
NW_026511726.1	245314	680193	2.77	0	20
NW_026511727.1	34260	87906	2.57	0	64
NW_026511728.1	51413	104166	2.03	0	13
NW_026511729.1	136172	317053	2.33	0	106
NW_026511730.1	204565	3499215	17.11	0	586
NW_026511731.1	78385	184667	2.36	0	17
NW_026511732.1	50002	80019	1.60	0	9
NW_026511733.1	32896	118668	3.61	0	19
NW_026511734.1	32120	86084	2.68	0	26
NW_026511735.1	63874	85509	1.34	0	11
NW_026511736.1	44526	64795	1.46	0	13
NW_026511737.1	42711	261479	6.12	0	116
NW_026511738.1	47389	207529	4.38	0	19
NW_026511739.1	28934	477228	16.49	0	708
NW_026511740.1	108362	121202	1.12	0	14
NW_026511741.1	24360	660722	27.12	0	2180
NW_026511742.1	23657	83578	3.53	0	14
NW_026511743.1	145407	343410	2.36	0	25
NW_026511744.1	79903	281596	3.52	0	27
NW_026511745.1	151187	247319	1.64	0	16
NW_026511746.1	121343	200893	1.66	0	13
NW_026511747.1	65647	147865	2.25	0	61
NW_026511748.1	52341	70907	1.35	0	10
NW_026511749.1	78156	146474	1.87	0	15
NW_026511750.1	100078	152361	1.52	0	13
NW_026511751.1	66977	228073	3.41	0	20
NW_026511752.1	34991	88315	2.52	0	43
NW_026511753.1	50745	75137	1.48	0	9
NW_026511754.1	189419	556452	2.94	0	38
NW_026511755.1	301974	1199587	3.97	0	68
NW_026511756.1	59784	127864	2.14	0	11
NW_026511757.1	44151	141916	3.21	0	15
NW_026511758.1	150044	218250	1.45	0	12
NW_026511759.1	34534	146260	4.24	0	17
NW_026511760.1	51061	121778	2.38	0	18
NW_026511761.1	64026	127381	1.99	0	19
NW_026511762.1	24367	82318	3.38	0	16
NW_026511763.1	87405	189759	2.17	0	24
NW_026511764.1	50004	59557	1.19	0	8
NW_026511765.1	20742	82296	3.97	0	53
NW_026511766.1	27124	58373	2.15	0	36
NW_026511767.1	125543	304492	2.43	0	29
NW_026511768.1	50041	167902	3.36	0	17
NW_026511769.1	49038	158167	3.23	0	22
NW_026511770.1	42294	127061	3.00	0	12
NW_026511771.1	32586	32580	1.00	0	7
NW_026511772.1	58710	211592	3.60	0	17
NW_026511773.1	127316	263886	2.07	0	18
NW_026511774.1	59694	106596	1.79	0	17
NW_026511775.1	38751	81456	2.10	0	12
NW_026511776.1	165968	614892	3.70	0	21
NW_026511777.1	155494	344205	2.21	0	14
NW_026511778.1	7042	155272	22.05	0	423
NW_026511779.1	482876	2111940	4.37	0	47
NW_026511780.1	38016	104967	2.76	0	23
NW_026511781.1	94497	269304	2.85	0	14
NW_026511782.1	497944	2011003	4.04	0	33
NW_026511783.1	300235	1061065	3.53	0	40
NW_026511784.1	437679	858965	1.96	0	173
NW_026511785.1	133674	313221	2.34	0	14
NW_026511786.1	194507	403822	2.08	0	27
NW_026511787.1	24351	100206	4.12	0	13
NW_026511788.1	27232	68173	2.50	0	14
NW_026511789.1	102669	313837	3.06	0	17
NW_026511790.1	52158	148869	2.85	0	22
NW_026511791.1	50402	130540	2.59	0	13
NW_026511792.1	96393	200023	2.08	0	20
NW_026511793.1	82257	101949	1.24	0	15
NW_026511794.1	24269	111686	4.60	0	14
NW_026511795.1	35167	154824	4.40	0	18
NW_026511796.1	72252	188378	2.61	0	257
NW_026511797.1	36936	45559	1.23	0	29
NW_026511798.1	41306	169974	4.11	0	15
NW_026511799.1	66526	392268	5.90	0	80
NW_026511800.1	20904	43501	2.08	0	13
NW_026511801.1	49961	86412	1.73	0	22
NW_026511802.1	57089	206342	3.61	0	25
NW_026511803.1	50090	46615	0.93	0	23
NW_026511804.1	25560	86930	3.40	0	19
NW_026511805.1	17566	64253	3.66	0	13
NW_026511806.1	241741	676461	2.80	0	687
NW_026511807.1	72048	181622	2.52	0	26
NW_026511808.1	24239	93727	3.87	0	22
NW_026511809.1	275654	1570854	5.70	0	250
NW_026511810.1	79311	90539	1.14	0	10
NW_026511811.1	102884	384167	3.73	0	105
NW_026511812.1	91961	188876	2.05	0	55
NW_026511813.1	150848	288586	1.91	0	21
NW_026511814.1	229059	622441	2.72	0	35
NW_026511815.1	41792	164178	3.93	0	18
NW_026511816.1	41514	123631	2.98	0	20
NW_026511817.1	40254	140302	3.49	0	35
NW_026511818.1	24852	94879	3.82	0	13
NW_026511819.1	276595	598348	2.16	0	44
NW_026511820.1	322540	3117025	9.66	0	71
NW_026511821.1	64442	36409	0.56	0	8
NW_026511822.1	55359	112224	2.03	0	12
NW_026511823.1	22003	1836521	83.47	0	480
NW_026511824.1	70572	102597	1.45	0	28
NW_026511825.1	231518	586573	2.53	0	78
NW_026511826.1	31909	133106	4.17	0	38
NW_026511827.1	48380	83647	1.73	0	10
NW_026511828.1	66251	241912	3.65	0	288
NW_026511829.1	37838	87821	2.32	0	21
NW_026511830.1	402522	988948	2.46	0	75
NW_026511831.1	49989	87693	1.75	0	13
NW_026511832.1	43483	138373	3.18	0	19
NW_026511833.1	342299	1076314	3.14	0	33
NW_026511834.1	32425	80954	2.50	0	44
NW_026511835.1	10550	49160	4.66	0	30
NW_026511836.1	50199	104304	2.08	0	13
NW_026511837.1	45445	84823	1.87	0	20
NW_026511838.1	81545	290271	3.56	0	185
NW_026511839.1	38780	137136	3.54	0	29
NW_026511840.1	39228	226615	5.78	0	30
NW_026511841.1	52440	204002	3.89	0	100
NW_026511842.1	28974	28745	0.99	0	8
NW_026511843.1	39092	303017	7.75	0	33
NW_026511844.1	305639	725811	2.37	0	22
NW_026511845.1	49994	49211	0.98	0	15
NW_026511846.1	85788	96736	1.13	0	20
NW_026511847.1	40305	180329	4.47	0	66
NW_026511848.1	39679	131545	3.32	0	15
NW_026511849.1	34223	105743	3.09	0	14
NW_026511850.1	112335	411301	3.66	0	58
NW_026511851.1	49912	48407	0.97	0	7
NW_026511852.1	353587	954393	2.70	0	50
NW_026511853.1	33509	99451	2.97	0	20
NW_026511854.1	22782	93740	4.11	0	14
NW_026511855.1	104489	144819	1.39	0	32
NW_026511856.1	18093	17498	0.97	0	5
NW_026511857.1	45739	70572	1.54	0	21
NW_026511858.1	37491	170746	4.55	0	32
NW_026511859.1	33220	124565	3.75	0	16
NW_026511860.1	360095	1743864	4.84	0	411
NW_026511861.1	332371	781534	2.35	0	37
NW_026511862.1	49520	173627	3.51	0	20
NW_026511863.1	31750	116696	3.68	0	18
NW_026511864.1	33795	67863	2.01	0	14
NW_026511865.1	411033	808223	1.97	0	149
NW_026511866.1	27087	63270	2.34	0	15
NW_026511867.1	72665	317298	4.37	0	239
NW_026511868.1	59642	72509	1.22	0	14
NW_026511869.1	48479	105320	2.17	0	38
NW_026511870.1	21575	68003	3.15	0	79
NW_026511871.1	3794816	13700251	3.61	0	208
NW_026511872.1	50022	57114	1.14	0	8
NW_026511873.1	3859	7876	2.04	0	7
NW_026511874.1	23278	130277	5.60	0	55
NW_026511875.1	167697	427159	2.55	0	38
NW_026511876.1	114942	123264	1.07	0	23
NW_026511877.1	53458	165369	3.09	0	23
NW_026511878.1	100812	137761	1.37	0	14
NW_026511879.1	68340	87638	1.28	0	7
NW_026511880.1	58172	816477	14.04	0	376
NW_026511881.1	268485	705004	2.63	0	28
NW_026511882.1	37834	151386	4.00	0	20
NW_026511883.1	39772	113771	2.86	0	15
NW_026511884.1	83592	184572	2.21	0	26
NW_026511885.1	261663	709458	2.71	0	24
NW_026511886.1	27225	239726	8.81	0	174
NW_026511887.1	43986	623189	14.17	0	351
NW_026511888.1	47839	134411	2.81	0	14
NW_026511889.1	47105	159283	3.38	0	23
NW_026511890.1	78150	138407	1.77	0	28
NW_026511891.1	73275	91705	1.25	0	13
NW_026511892.1	28596	62846	2.20	0	16
NW_026511893.1	368945	1795797	4.87	0	89
NW_026511894.1	89018	272501	3.06	0	25
NW_026511895.1	276231	678640	2.46	0	29
NW_026511896.1	54236	357998	6.60	0	61
NW_026511897.1	204882	366671	1.79	0	22
NW_026511898.1	41548	163546	3.94	0	16
NW_026511899.1	42754	69569	1.63	0	13
NW_026511900.1	47811	267511	5.60	0	60
NW_026511901.1	23968	46883	1.96	0	12
NW_026511902.1	240210	613685	2.55	0	48
NW_026511903.1	32569	107423	3.30	0	21
NW_026511904.1	49999	88344	1.77	0	16
NW_026511905.1	30149	111882	3.71	0	26
NW_026511906.1	36566	903807	24.72	0	240
NW_026511907.1	53317	166413	3.12	0	31
NW_026511908.1	25347	117456	4.63	0	45
NW_026511909.1	11093	31933	2.88	0	14
NW_026511910.1	10117	39030	3.86	0	13
NW_026511911.1	275591	465739	1.69	0	23
NW_026511912.1	21833	62966	2.88	0	13
NW_026511913.1	82584	136579	1.65	0	21
NW_026511914.1	27491	139891	5.09	0	40
NW_026511915.1	70175	120069	1.71	0	18
NW_026511916.1	60087	118099	1.97	0	13
NW_026511917.1	249167	466037	1.87	0	18
NW_026511918.1	35995	114749	3.19	0	27
NW_026511919.1	360029	1088036	3.02	0	32
NW_026511920.1	51505	68176	1.32	0	8
NW_026511921.1	175930	526359	2.99	0	42
NW_026511922.1	50065	68636	1.37	0	19
NW_026511923.1	59641	382527	6.41	0	95
NW_026511924.1	310367	912271	2.94	0	34
NW_026511925.1	6114	12961	2.12	0	7
NW_026511926.1	22006	108479	4.93	0	37
NW_026511927.1	54136	411664	7.60	0	302
NW_026511928.1	28475	41080	1.44	0	19
NW_026511929.1	38349	136143	3.55	0	17
NW_026511930.1	5950	9194	1.55	0	7
NW_026511931.1	53578	427357	7.98	0	55
NW_026511932.1	291302	690593	2.37	0	36
NW_026511933.1	120445	375968	3.12	0	24
NW_026511934.1	84475	1726397	20.44	0	226
NW_026511935.1	21484	106515	4.96	0	14
NW_026511936.1	44205	121380	2.75	0	14
NW_026511937.1	29578	110767	3.74	0	14
NW_026511938.1	41619	197740	4.75	0	17
NW_026511939.1	45051	437526	9.71	0	158
NW_026511940.1	66247	259334	3.91	0	38
NW_026511941.1	91139	547965	6.01	0	2296
NW_026511942.1	35962	138840	3.86	0	16
NW_026511943.1	29566	86397	2.92	0	43
NW_026511944.1	122082	282639	2.32	0	35
NW_026511945.1	24902	38758	1.56	0	15
NW_026511946.1	22410	61941	2.76	0	24
NW_026511947.1	51042	94365	1.85	0	11
NW_026511948.1	63574	192312	3.03	0	21
NW_026511949.1	32254	115035	3.57	0	19
NW_026511950.1	28441	78129	2.75	0	12
NW_026511951.1	94134	319978	3.40	0	72
NW_026511952.1	30574	204115	6.68	0	221
NW_026511953.1	43425	142001	3.27	0	18
NW_026511954.1	37547	122382	3.26	0	41
NW_026511955.1	50706	117738	2.32	0	13
NW_026511956.1	21370	83579	3.91	0	13
NW_026511957.1	50213	88060	1.75	0	22
NW_026511958.1	149232	324350	2.17	0	37
NW_026511959.1	49546	227745	4.60	0	32
NW_026511960.1	24693	80730	3.27	0	15
NW_026511961.1	292049	1069001	3.66	0	52
NW_026511962.1	50735	66161	1.30	0	40
NW_026511963.1	60769	87250	1.44	0	14
NW_026511964.1	9940	43117	4.34	0	30
NW_026511965.1	272175	7813454	28.71	0	48678
NW_026511966.1	176640	399756	2.26	0	19
NW_026511967.1	17887	69442	3.88	0	19
NW_026511968.1	68446	71880	1.05	0	8
NW_026511969.1	64948	444009	6.84	0	87
NW_026511970.1	50266	39969	0.80	0	8
NW_026511971.1	199352	597770	3.00	0	23
NW_026511972.1	32099	61141	1.90	0	11
NW_026511973.1	74558	280544	3.76	0	92
NW_026511974.1	27534	93572	3.40	0	18
NW_026511975.1	32503	98260	3.02	0	56
NW_026511976.1	38549	102137	2.65	0	10
NW_026511977.1	95108	401871	4.23	0	28
NW_026511978.1	99714	260888	2.62	0	34
NW_026511979.1	24945	217542	8.72	0	70
NW_026511980.1	28854	26575	0.92	0	11
NW_026511981.1	248851	459181	1.85	0	36
NW_026511982.1	139954	254542	1.82	0	26
NW_026511983.1	166266	519502	3.12	0	28
NW_026511984.1	39128	131958	3.37	0	517
NW_026511985.1	44420	110278	2.48	0	16
NW_026511986.1	38814	169958	4.38	0	31
NW_026511987.1	263598	799394	3.03	0	22
NW_026511988.1	106110	447221	4.21	0	32
NW_026511989.1	88924	307040	3.45	0	62
NW_026511990.1	27310	81041	2.97	0	18
NW_026511991.1	243556	522488	2.15	0	29
NW_026511992.1	116968	181870	1.55	0	14
NW_026511993.1	35840	36464	1.02	0	36
NW_026511994.1	26359	72345	2.74	0	13
NW_026511995.1	48539	51375	1.06	0	20
NW_026511996.1	42700	144928	3.39	0	31
NW_026511997.1	4956	13085	2.64	0	15
NW_026511998.1	367103	5244891	14.29	0	1022
NW_026511999.1	60861	178286	2.93	0	23
NW_026512000.1	57949	200013	3.45	0	22
NW_026512001.1	45874	192846	4.20	0	23
NW_026512002.1	104519	245701	2.35	0	17
NW_026512003.1	34781	281028	8.08	0	87
NW_026512004.1	39024	141855	3.64	0	18
NW_026512005.1	74423	92965	1.25	0	12
NW_026512006.1	113043	178416	1.58	0	12
NW_026512007.1	47451	169498	3.57	0	37
NW_026512008.1	46856	158694	3.39	0	30
NW_026512009.1	30364	86811	2.86	0	20
NW_026512010.1	125794	559368	4.45	0	107
NW_026512011.1	70289	250706	3.57	0	17
NW_026512012.1	268905	558247	2.08	0	16
NW_026512013.1	39243	120892	3.08	0	12
NW_026512014.1	397326	1942010	4.89	0	419
NW_026512015.1	24230	95435	3.94	0	18
NW_026512016.1	28254	76850	2.72	0	11
NW_026512017.1	55761	128987	2.31	0	15
NW_026512018.1	26854	43760	1.63	0	15
NW_026512019.1	45337	123914	2.73	0	17
NW_026512020.1	25819	126625	4.90	0	22
NW_026512021.1	115543	383946	3.32	0	24
NW_026512022.1	19501	23999	1.23	0	7
NW_026512023.1	146514	688396	4.70	0	48
NW_026512024.1	150861	207632	1.38	0	26
NW_026512025.1	125011	228544	1.83	0	13
NW_026512026.1	31895	128683	4.03	0	33
NW_026512027.1	81795	267789	3.27	0	70
NW_026512028.1	28492	42261	1.48	0	8
NW_026512029.1	32300	32492	1.01	0	10
NW_026512030.1	50000	57399	1.15	0	10
NW_026512031.1	3342	7572	2.27	0	12
NW_026512032.1	215748	742255	3.44	0	86
NW_026512033.1	246304	1104004	4.48	0	202
NW_026512034.1	34172	113827	3.33	0	45
NW_026512035.1	343477	825796	2.40	0	33
NW_026512036.1	233043	712583	3.06	0	35
NW_026512037.1	40256	59741	1.48	0	11
NW_026512038.1	49699	157896	3.18	0	55
NW_026512039.1	50078	57199	1.14	0	9
NW_026512040.1	52120	71270	1.37	0	9
NW_026512041.1	102140	281962	2.76	0	34
NW_026512042.1	50000	56063	1.12	0	23
NW_026512043.1	35384	59250	1.67	0	14
NW_026512044.1	23520	134520	5.72	0	32
NW_026512045.1	216777	341691	1.58	0	58
NW_026512046.1	40030	271132	6.77	0	91
NW_026512047.1	41023	224573	5.47	0	116
NW_026512048.1	41975	132235	3.15	0	21
NW_026512049.1	26270	331601	12.62	0	168
NW_026512050.1	21711	38530	1.77	0	27
NW_026512051.1	76752	139596	1.82	0	19
NW_026512052.1	27552	78337	2.84	0	20
NW_026512053.1	174276	402370	2.31	0	20
NW_026512054.1	150986	813509	5.39	0	81
NW_026512055.1	71369	190492	2.67	0	20
NW_026512056.1	50942	153258	3.01	0	222
NW_026512057.1	121653	305330	2.51	0	17
NW_026512058.1	224696	1274499	5.67	0	157
NW_026512059.1	59069	189832	3.21	0	37
NW_026512060.1	44555	197823	4.44	0	69
NW_026512061.1	31391	75811	2.42	0	17
NW_026512062.1	66387	123446	1.86	0	11
NW_026512063.1	38636	180151	4.66	0	27
NW_026512064.1	57690	94894	1.64	0	11
NW_026512065.1	157082	274196	1.75	0	24
NW_026512066.1	126348	445824	3.53	0	34
NW_026512067.1	49092	148983	3.03	0	23
NW_026512068.1	121196	846497	6.98	0	82
NW_026512069.1	83296	223104	2.68	0	13
NW_026512070.1	38253	118284	3.09	0	15
NW_026512071.1	39090	108048	2.76	0	11
NW_026512072.1	56930	68561	1.20	0	10
NW_026512073.1	57673	121067	2.10	0	15
NW_026512074.1	42028	103766	2.47	0	13
NW_026512075.1	30131	62945	2.09	0	15
NW_026512076.1	44329	72153	1.63	0	13
NW_026512077.1	54239	412867	7.61	0	340
NW_026512078.1	339882	623410	1.83	0	28
NW_026512079.1	64262	121105	1.88	0	12
NW_026512080.1	7183	27798	3.87	0	24
NW_026512081.1	127419	169252	1.33	0	22
NW_026512082.1	33899	203625	6.01	0	82
NW_026512083.1	49997	49705	0.99	0	15
NW_026512084.1	138924	1895300	13.64	0	212
NW_026512085.1	42647	148930	3.49	0	16
NW_026512086.1	106876	755853	7.07	0	69
NW_026512087.1	53739	194751	3.62	0	16
NW_026512088.1	112405	182500	1.62	0	13
NW_026512089.1	132541	246055	1.86	0	14
NW_026512090.1	81337	361537	4.44	0	59
NW_026512091.1	47214	146388	3.10	0	16
NW_026512092.1	55287	199509	3.61	0	17
NW_026512093.1	72376	294349	4.07	0	45
NW_026512094.1	38827	286370	7.38	0	261
NW_026512095.1	22334	108481	4.86	0	75
NW_026512096.1	36986	152925	4.13	0	17
NW_026512097.1	36818	54533	1.48	0	22
NW_026512098.1	103016	263227	2.56	0	40
NW_026512099.1	377006	916914	2.43	0	65
NW_026512100.1	59693	150293	2.52	0	26
NW_026512101.1	32006	76909	2.40	0	10
NW_026512102.1	90676	327887	3.62	0	43
NW_026512103.1	108839	432638	3.98	0	54
NW_026512104.1	80922	158006	1.95	0	20
NW_026512105.1	112715	144238	1.28	0	70
NW_026512106.1	16467	31612	1.92	0	10
NW_026512107.1	127089	252269	1.98	0	18
NW_026512108.1	29184	132001	4.52	0	21
NW_026512109.1	95664	518163	5.42	0	90
NW_026512110.1	26502	262244	9.90	0	144
NW_026512111.1	58231	95752	1.64	0	17
NW_026512112.1	383369	1305790	3.41	0	36
NW_026512113.1	19730	19291	0.98	0	6
NW_026512114.1	23974	45091	1.88	0	12
NW_026512115.1	55300	777619	14.06	0	543
NW_026512116.1	130925	513497	3.92	0	16
NW_026512117.1	23871	88218	3.70	0	12
NW_026512118.1	89435	435036	4.86	0	54
NW_026512119.1	23853	61088	2.56	0	10
NW_026512120.1	28369	82113	2.89	0	13
NW_026512121.1	43398	73101	1.68	0	18
NW_026512122.1	453750	1746699	3.85	0	126
NW_026512123.1	151988	620480	4.08	0	208
NW_026512124.1	62868	114222	1.82	0	14
NW_026512125.1	42853	87845	2.05	0	18
NW_026512126.1	255005	569118	2.23	0	28
NW_026512127.1	81267	117727	1.45	0	19
NW_026512128.1	91435	264083	2.89	0	16
NW_026512129.1	323342	524941	1.62	0	165
NW_026512130.1	31271	90550	2.90	0	22
NW_026512131.1	134593	174438	1.30	0	15
NW_026512132.1	103614	543013	5.24	0	44
NW_026512133.1	18344	27670	1.51	0	10
NW_026512134.1	49773	200049	4.02	0	17
NW_026512135.1	57172	76843	1.34	0	19
NW_026512136.1	114040	297309	2.61	0	20
NW_026512137.1	26440	127265	4.81	0	33
NW_026512138.1	47600	163639	3.44	0	15
NW_026512139.1	43866	113976	2.60	0	16
NW_026512140.1	167649	393767	2.35	0	36
NW_026512141.1	129847	378316	2.91	0	163
NW_026512142.1	50487	172691	3.42	0	20
NW_026512143.1	35402	68601	1.94	0	12
NW_026512144.1	24487	95517	3.90	0	13
NW_026512145.1	202941	777898	3.83	0	19
NW_026512146.1	228777	453133	1.98	0	18
NW_026512147.1	108014	786671	7.28	0	148
NW_026512148.1	58213	204952	3.52	0	18
NW_026512149.1	325010	420568	1.29	0	35
NW_026512150.1	6553	21348	3.26	0	11
NW_026512151.1	23425	122135	5.21	0	67
NW_026512152.1	23067	153045	6.63	0	46
NW_026512153.1	317650	1639772	5.16	0	174
NW_026512154.1	50303	109131	2.17	0	37
NW_026512155.1	91566	316407	3.46	0	42
NW_026512156.1	22354	112565	5.04	0	36
NW_026512157.1	66206	76134	1.15	0	10
NW_026512158.1	54915	139159	2.53	0	12
NW_026512159.1	48429	101731	2.10	0	16
NW_026512160.1	604363	952797	1.58	0	66
NW_026512161.1	113016	143349	1.27	0	14
NW_026512162.1	65782	208438	3.17	0	22
NW_026512163.1	56095	142545	2.54	0	28
NW_026512164.1	44475	140332	3.16	0	39
NW_026512165.1	257985	458278	1.78	0	26
NW_026512166.1	51822	69017	1.33	0	10
NW_026512167.1	446678	1026283	2.30	0	42
NW_026512168.1	21406	60812	2.84	0	21
NW_026512169.1	208753	1152266	5.52	0	154
NW_026512170.1	43466	527342	12.13	0	184
NW_026512171.1	140660	298344	2.12	0	33
NW_026512172.1	167013	527187	3.16	0	83
NW_026512173.1	57089	152383	2.67	0	23
NW_026512174.1	28852	87924	3.05	0	14
NW_026512175.1	22808	31075	1.36	0	11
NW_026512176.1	37974	131442	3.46	0	46
NW_026512177.1	75630	132089	1.75	0	14
NW_026512178.1	386293	2455667	6.36	0	73
NW_026512179.1	20718	46768	2.26	0	11
NW_026512180.1	71158	487674	6.85	0	95
NW_026512181.1	24468	65235	2.67	0	30
NW_026512182.1	41473	143300	3.46	0	72
NW_026512183.1	57013	282272	4.95	0	44
NW_026512184.1	63705	238292	3.74	0	14
NW_026512185.1	40344	122904	3.05	0	14
NW_026512186.1	51015	158142	3.10	0	17
NW_026512187.1	53575	226399	4.23	0	188
NW_026512188.1	179293	705838	3.94	0	42
NW_026512189.1	71505	177758	2.49	0	22
NW_026512190.1	53397	153628	2.88	0	13
NW_026512191.1	232687	1194254	5.13	0	57
NW_026512192.1	27245	256336	9.41	0	445
NW_026512193.1	61823	155596	2.52	0	23
NW_026512194.1	37372	106100	2.84	0	16
NW_026512195.1	26255	65105	2.48	0	22
NW_026512196.1	64048	63153	0.99	0	10
NW_026512197.1	72017	121562	1.69	0	18
NW_026512198.1	22016	26097	1.19	0	9
NW_026512199.1	67733	256584	3.79	0	30
NW_026512200.1	78743	283343	3.60	0	21
NW_026512201.1	49997	41540	0.83	0	9
NW_026512202.1	126667	242842	1.92	0	58
NW_026512203.1	143541	511927	3.57	0	26
NW_026512204.1	88551	111533	1.26	0	12
NW_026512205.1	122821	344917	2.81	0	21
NW_026512206.1	101072	194262	1.92	0	10
NW_026512207.1	50850	85653	1.68	0	12
NW_026512208.1	40031	113782	2.84	0	20
NW_026512209.1	26698	91042	3.41	0	85
NW_026512210.1	49168	188931	3.84	0	16
NW_026512211.1	175027	967966	5.53	0	51
NW_026512212.1	40614	113395	2.79	0	28
NW_026512213.1	217050	941675	4.34	0	43
NW_026512214.1	228337	1484058	6.50	0	112
NW_026512215.1	54374	181011	3.33	0	154
NW_026512216.1	215946	374521	1.73	0	59
NW_026512217.1	52701	95349	1.81	0	39
NW_026512218.1	54283	220106	4.05	0	19
NW_026512219.1	46931	214127	4.56	0	17
NW_026512220.1	77642	154096	1.98	0	12
NW_026512221.1	44141	99034	2.24	0	13
NW_026512222.1	22406	45334	2.02	0	10
NW_026512223.1	40206	187305	4.66	0	29
NW_026512224.1	30389	116743	3.84	0	189
NW_026512225.1	24642	25937	1.05	0	8
NW_026512226.1	34533	115096	3.33	0	17
NW_026512227.1	89052	259988	2.92	0	14
NW_026512228.1	99911	152846	1.53	0	11
NW_026512229.1	20787	66867	3.22	0	24
NW_026512230.1	39980	80286	2.01	0	10
NW_026512231.1	45690	398699	8.73	0	620
NW_026512232.1	408517	1079717	2.64	0	33
NW_026512233.1	41647	84237	2.02	0	29
NW_026512234.1	43479	112162	2.58	0	15
NW_026512235.1	84389	186715	2.21	0	30
NW_026512236.1	39796	174332	4.38	0	35
NW_026512237.1	24219	52433	2.16	0	35
NW_026512238.1	58088	51301	0.88	0	9
NW_026512239.1	211633	352217	1.66	0	15
NW_026512240.1	31089	93253	3.00	0	12
NW_026512241.1	20429	53149	2.60	0	14
NW_026512242.1	43668	145586	3.33	0	15
NW_026512243.1	85808	336149	3.92	0	22
NW_026512244.1	36005	194972	5.42	0	20
NW_026512245.1	61285	177253	2.89	0	174
NW_026512246.1	70777	264007	3.73	0	19
NW_026512247.1	301099	774463	2.57	0	23
NW_026512248.1	123050	203306	1.65	0	19
NW_026512249.1	142224	238731	1.68	0	12
NW_026512250.1	65766	93439	1.42	0	13
NW_026512251.1	24446	42870	1.75	0	12
NW_026512252.1	74201	205010	2.76	0	17
NW_026512253.1	44431	29888	0.67	0	9
NW_026512254.1	40217	125709	3.13	0	17
NW_026512255.1	34911	159078	4.56	0	41
NW_026512256.1	55959	132508	2.37	0	12
NW_026512257.1	518815	1432189	2.76	0	34
NW_026512258.1	177725	455389	2.56	0	22
NW_026512259.1	80556	272437	3.38	0	57
NW_026512260.1	14886	96669	6.49	0	32
NW_026512261.1	53600	59116	1.10	0	7
NW_026512262.1	29710	194852	6.56	0	308
NW_026512263.1	21155	87782	4.15	0	45
NW_026512264.1	48762	182764	3.75	0	17
NW_026512265.1	67578	199309	2.95	0	18
NW_026512266.1	18192	14882	0.82	0	7
NW_026512267.1	43766	77034	1.76	0	12
NW_026512268.1	50612	83940	1.66	0	10
NW_026512269.1	25951	58973	2.27	0	18
NW_026512270.1	37798	112335	2.97	0	15
NW_026512271.1	49855	97647	1.96	0	13
NW_026512272.1	358532	567432	1.58	0	27
NW_026512273.1	139604	202278	1.45	0	15
NW_026512274.1	34686	60828	1.75	0	11
NW_026512275.1	914915	539017	0.59	0	48
NW_026512276.1	48005	75584	1.57	0	12
NW_026512277.1	21777	82146	3.77	0	41
NW_026512278.1	47166	88977	1.89	0	10
NW_026512279.1	43015	66927	1.56	0	11
NW_026512280.1	170356	599002	3.52	0	21
NW_026512281.1	39918	222303	5.57	0	48
NW_026512282.1	343394	987420	2.88	0	52
NW_026512283.1	56253	68205	1.21	0	9
NW_026512284.1	28351	100904	3.56	0	23
NW_026512285.1	177211	790098	4.46	0	38
NW_026512286.1	300531	740154	2.46	0	232
NW_026512287.1	78542	1987167	25.30	0	201
NW_026512288.1	31279	141244	4.52	0	28
NW_026512289.1	28629	113217	3.95	0	15
NW_026512290.1	47582	295080	6.20	0	163
NW_026512291.1	67897	94947	1.40	0	10
NW_026512292.1	141201	510337	3.61	0	24
NW_026512293.1	49980	81327	1.63	0	9
NW_026512294.1	99338	485453	4.89	0	73
NW_026512295.1	62051	105861	1.71	0	17
NW_026512296.1	37425	98149	2.62	0	284
NW_026512297.1	50671	73121	1.44	0	14
NW_026512298.1	37280	222849	5.98	0	547
NW_026512299.1	58939	120181	2.04	0	28
NW_026512300.1	171746	672375	3.91	0	196
NW_026512301.1	50559	365184	7.22	0	460
NW_026512302.1	3681	8978	2.44	0	10
NW_026512303.1	43925	80746	1.84	0	80
NW_026512304.1	39349	235686	5.99	0	23
NW_026512305.1	140271	211020	1.50	0	17
NW_026512306.1	154567	743611	4.81	0	136
NW_026512307.1	39998	119034	2.98	0	19
NW_026512308.1	259122	408878	1.58	0	18
NW_026512309.1	8442	60793	7.20	0	22
NW_026512310.1	102702	417334	4.06	0	25
NW_026512311.1	40022	215696	5.39	0	87
NW_026512312.1	22098	79186	3.58	0	27
NW_026512313.1	57660	76321	1.32	0	11
NW_026512314.1	59927	209136	3.49	0	31
NW_026512315.1	162573	463486	2.85	0	23
NW_026512316.1	33812	87628	2.59	0	27
NW_026512317.1	106872	120492	1.13	0	11
NW_026512318.1	72887	147625	2.03	0	34
NW_026512319.1	89831	120798	1.34	0	15
NW_026512320.1	27218	113535	4.17	0	17
NW_026512321.1	184221	323494	1.76	0	13
NW_026512322.1	39180	129852	3.31	0	15
NW_026512323.1	106032	644820	6.08	0	112
NW_026512324.1	54641	696329	12.74	0	151
NW_026512325.1	77378	344527	4.45	0	130
NW_026512326.1	44989	86873	1.93	0	14
NW_026512327.1	239808	363275	1.51	0	24
NW_026512328.1	60984	90852	1.49	0	12
NW_026512329.1	29740	179980	6.05	0	32
NW_026512330.1	79662	384966	4.83	0	107
NW_026512331.1	29977	178962	5.97	0	165
NW_026512332.1	358116	640832	1.79	0	18
NW_026512333.1	225296	650537	2.89	0	21
NW_026512334.1	98976	343594	3.47	0	37
NW_026512335.1	21225	76488	3.60	0	16
NW_026512336.1	194142	300901	1.55	0	24
NW_026512337.1	459139	1072635	2.34	0	80
NW_026512338.1	397997	1020816	2.56	0	65
NW_026512339.1	74391	140277	1.89	0	11
NW_026512340.1	158806	529457	3.33	0	24
NW_026512341.1	29581	99783	3.37	0	17
NW_026512342.1	262105	848473	3.24	0	39
NW_026512343.1	59938	172586	2.88	0	18
NW_026512344.1	35946	92657	2.58	0	19
NW_026512345.1	143932	313353	2.18	0	39
NW_026512346.1	244750	622668	2.54	0	38
NW_026512347.1	25275	226917	8.98	0	57
NW_026512348.1	60047	190256	3.17	0	27
NW_026512349.1	24382	3956250	162.26	0	889
NW_026512350.1	53570	232643	4.34	0	19
NW_026512351.1	32437	90460	2.79	0	13
NW_026512352.1	52010	81240	1.56	0	12
NW_026512353.1	17459	53187	3.05	0	49
NW_026512354.1	66496	177959	2.68	0	17
NW_026512355.1	27553	99506	3.61	0	17
NW_026512356.1	34298	54303	1.58	0	12
NW_026512357.1	50355	74767	1.48	0	9
NW_026512358.1	84779	88808	1.05	0	35
NW_026512359.1	96090	251341	2.62	0	14
NW_026512360.1	51069	85516	1.67	0	14
NW_026512361.1	80729	108539	1.34	0	14
NW_026512362.1	6996	3873	0.55	0	4
NW_026512363.1	57602	116758	2.03	0	35
NW_026512364.1	83709	196706	2.35	0	20
NW_026512365.1	84958	125527	1.48	0	13
NW_026512366.1	43413	200138	4.61	0	29
NW_026512367.1	24521	79703	3.25	0	19
NW_026512368.1	155044	669875	4.32	0	69
NW_026512369.1	44378	131913	2.97	0	13
NW_026512370.1	52840	116805	2.21	0	13
NW_026512371.1	41585	154217	3.71	0	26
NW_026512372.1	25365	44623	1.76	0	12
NW_026512373.1	221488	474964	2.14	0	32
NW_026512374.1	32714	126145	3.86	0	50
NW_026512375.1	167384	382256	2.28	0	48
NW_026512376.1	89989	263244	2.93	0	46
NW_026512377.1	27931	101951	3.65	0	23
NW_026512378.1	191918	331959	1.73	0	14
NW_026512379.1	27917	63403	2.27	0	12
NW_026512380.1	28611	93551	3.27	0	24
NW_026512381.1	55781	102457	1.84	0	14
NW_026512382.1	36764	316673	8.61	0	101
NW_026512383.1	208597	930544	4.46	0	34
NW_026512384.1	29210	83723	2.87	0	15
NW_026512385.1	37314	115555	3.10	0	15
NW_026512386.1	47388	142074	3.00	0	12
NW_026512387.1	58075	275555	4.74	0	21
NW_026512388.1	215514	685404	3.18	0	32
NW_026512389.1	45553	168842	3.71	0	35
NW_026512390.1	57228	181088	3.16	0	15
NW_026512391.1	71604	363415	5.08	0	168
NW_026512392.1	30014	122007	4.07	0	16
NW_026512393.1	25932	110274	4.25	0	24
NW_026512394.1	52558	180515	3.43	0	41
NW_026512395.1	22400	75642	3.38	0	28
NW_026512396.1	25886	80929	3.13	0	20
NW_026512397.1	93043	397065	4.27	0	61
NW_026512398.1	405538	1872732	4.62	0	204
NW_026512399.1	81592	129953	1.59	0	18
NW_026512400.1	53877	219462	4.07	0	25
NW_026512401.1	274136	374842	1.37	0	19
NW_026512402.1	7447	22796	3.06	0	11
NW_026512403.1	310707	715068	2.30	0	18
NW_026512404.1	71908	150220	2.09	0	14
NW_026512405.1	22605	76488	3.38	0	13
NW_026512406.1	505398	988761	1.96	0	255
NW_026512407.1	94817	336047	3.54	0	26
NW_026512408.1	148034	733620	4.96	0	309
NW_026512409.1	81543	139065	1.71	0	12
NW_026512410.1	53461	197512	3.69	0	18
NW_026512411.1	99449	296572	2.98	0	47
NW_026512412.1	38197	41651	1.09	0	9
NW_026512413.1	22261	90358	4.06	0	37
NW_026512414.1	107731	127794	1.19	0	16
NW_026512415.1	70009	133191	1.90	0	15
NW_026512416.1	35019	216822	6.19	0	63
NW_026512417.1	49998	75331	1.51	0	12
NW_026512418.1	132722	481954	3.63	0	23
NW_026512419.1	82780	330528	3.99	0	40
NW_026512420.1	264916	432312	1.63	0	22
NW_026512421.1	25303	38066	1.50	0	8
NW_026512422.1	46912	183511	3.91	0	28
NW_026512423.1	9051	23777	2.63	0	9
NW_026512424.1	141568	388834	2.75	0	21
NW_026512425.1	214559	319099	1.49	0	24
NW_026512426.1	114517	222244	1.94	0	15
NW_026512427.1	27561	37483	1.36	0	19
NW_026512428.1	151572	461208	3.04	0	54
NW_026512429.1	111626	356461	3.19	0	15
NW_026512430.1	99171	244643	2.47	0	25
NW_026512431.1	60134	110417	1.84	0	12
NW_026512432.1	147279	454343	3.08	0	64
NW_026512433.1	51857	59113	1.14	0	11
NW_026512434.1	53772	1019209	18.95	0	181
NW_026512435.1	40279	144776	3.59	0	24
NW_026512436.1	136649	246481	1.80	0	36
NW_026512437.1	58658	237674	4.05	0	44
NW_026512438.1	168950	482048	2.85	0	36
NW_026512439.1	112689	856861	7.60	0	215
NW_026512440.1	49988	102457	2.05	0	17
NW_026512441.1	35693	366529	10.27	0	296
NW_026512442.1	39941	113114	2.83	0	13
NW_026512443.1	378257	535679	1.42	0	71
NW_026512444.1	107470	431846	4.02	0	17
NW_026512445.1	81101	120614	1.49	0	16
NW_026512446.1	34720	125297	3.61	0	34
NW_026512447.1	49902	171876	3.44	0	13
NW_026512448.1	33235	101502	3.05	0	17
NW_026512449.1	30347	129696	4.27	0	15
NW_026512450.1	148474	311343	2.10	0	18
NW_026512451.1	122995	585240	4.76	0	465
NW_026512452.1	34798	36355	1.04	0	10
NW_026512453.1	220243	464616	2.11	0	23
NW_026512454.1	37541	151906	4.05	0	20
NW_026512455.1	29123	179056	6.15	0	152
NW_026512456.1	62102	67438	1.09	0	10
NW_026512457.1	191468	536823	2.80	0	200
NW_026512458.1	77443	146489	1.89	0	19
NW_026512459.1	45269	82497	1.82	0	11
NW_026512460.1	49996	104596	2.09	0	47
NW_026512461.1	67326	192581	2.86	0	39
NW_026512462.1	53396	169053	3.17	0	26
NW_026512463.1	27168	122308	4.50	0	29
NW_026512464.1	37530	118247	3.15	0	30
NW_026512465.1	8628	40626	4.71	0	12
NW_026512466.1	29676	124234	4.19	0	15
NW_026512467.1	44630	78056	1.75	0	11
NW_026512468.1	83744	179417	2.14	0	15
NW_026512469.1	34747	88856	2.56	0	12
NW_026512470.1	70297	219152	3.12	0	27
NW_026512471.1	95122	146569	1.54	0	18
NW_026512472.1	36725	136607	3.72	0	27
NW_026512473.1	23085	76718	3.32	0	18
NW_026512474.1	22566	68670	3.04	0	16
NW_026512475.1	23128	59288	2.56	0	12
NW_026512476.1	94393	354666	3.76	0	73
NW_026512477.1	35490	176564	4.98	0	27
NW_026512478.1	57640	144084	2.50	0	16
NW_026512479.1	233459	311867	1.34	0	18
NW_026512480.1	135321	227038	1.68	0	10
NW_026512481.1	20499	23975	1.17	0	8
NW_026512482.1	37709	137357	3.64	0	18
NW_026512483.1	108378	360557	3.33	0	21
NW_026512484.1	42581	153342	3.60	0	23
NW_026512485.1	112612	142861	1.27	0	16
NW_026512486.1	26080	124891	4.79	0	28
NW_026512487.1	41205	130827	3.18	0	52
NW_026512488.1	27889	284014	10.18	0	104
NW_026512489.1	10642	28971	2.72	0	14
NW_026512490.1	85036	300485	3.53	0	22
NW_026512491.1	38788	41991	1.08	0	11
NW_026512492.1	21981	121648	5.53	0	24
NW_026512493.1	32949	117284	3.56	0	15
NW_026512494.1	27956	178779	6.40	0	108
NW_026512495.1	52474	301845	5.75	0	48
NW_026512496.1	91871	382508	4.16	0	21
NW_026512497.1	47353	182051	3.84	0	57
NW_026512498.1	38384	226505	5.90	0	81
NW_026512499.1	140422	242811	1.73	0	20
NW_026512500.1	29478	103968	3.53	0	16
NW_026512501.1	96591	259611	2.69	0	32
NW_026512502.1	172845	608447	3.52	0	26
NW_026512503.1	115647	846462	7.32	0	445
NW_026512504.1	56697	180881	3.19	0	17
NW_026512505.1	42961	287998	6.70	0	176
NW_026512506.1	58104	285330	4.91	0	81
NW_026512507.1	60049	49572	0.83	0	7
NW_026512508.1	26961	37555	1.39	0	17
NW_026512509.1	201322	391193	1.94	0	45
NW_026512510.1	74503	142182	1.91	0	22
NW_026512511.1	35999	96915	2.69	0	45
NW_026512512.1	11181	9009	0.81	0	7
NW_026512513.1	22406	172418	7.70	0	60
NW_026512514.1	47411	143632	3.03	0	23
NW_026512515.1	40976	149267	3.64	0	12
NW_026512516.1	45947	97115	2.11	0	23
NW_026512517.1	33896	179244	5.29	0	92
NW_026512518.1	24010	34122	1.42	0	10
NW_026512519.1	2038	138	0.07	0	1
NW_026512520.1	274317	555652	2.03	0	17
NW_026512521.1	36667	64955	1.77	0	53
NW_026512522.1	157466	153742	0.98	0	19
NW_026512523.1	54960	86065	1.57	0	12
NW_026512524.1	38649	62318	1.61	0	12
NW_026512525.1	110664	282033	2.55	0	39
NW_026512526.1	218111	559103	2.56	0	32
NW_026512527.1	196679	449925	2.29	0	20
NW_026512528.1	41689	103660	2.49	0	15
NW_026512529.1	332695	804242	2.42	0	39
NW_026512530.1	42904	86156	2.01	0	11
NW_026512531.1	310691	1040145	3.35	0	48
NW_026512532.1	85327	168650	1.98	0	13
NW_026512533.1	60885	201851	3.32	0	55
NW_026512534.1	50326	223506	4.44	0	32
NW_026512535.1	116887	299148	2.56	0	24
NW_026512536.1	39015	180544	4.63	0	304
NW_026512537.1	30796	55063	1.79	0	13
NW_026512538.1	453206	1412460	3.12	0	109
NW_026512539.1	55252	281958	5.10	0	153
NW_026512540.1	251838	2304660	9.15	0	200
NW_026512541.1	23938	239100	9.99	0	1385
NW_026512542.1	50248	220403	4.39	0	17
NW_026512543.1	35089	72299	2.06	0	10
NW_026512544.1	76578	407157	5.32	0	396
NW_026512545.1	503217	4857807	9.65	0	1049
NW_026512546.1	394812	1879630	4.76	0	181
NW_026512547.1	196864	425150	2.16	0	21
NW_026512548.1	90772	248635	2.74	0	49
NW_026512549.1	42747	139652	3.27	0	34
NW_026512550.1	148337	445529	3.00	0	52
NW_026512551.1	70204	170266	2.43	0	16
NW_026512552.1	184651	274158	1.48	0	52
NW_026512553.1	30667	60250	1.96	0	13
NW_026512554.1	179063	550848	3.08	0	27
NW_026512555.1	116550	274216	2.35	0	16
NW_026512556.1	407456	1133287	2.78	0	30
NW_026512557.1	189921	736866	3.88	0	82
NW_026512558.1	50620	182781	3.61	0	21
NW_026512559.1	38162	284428	7.45	0	26
NW_026512560.1	27233	65298	2.40	0	12
NW_026512561.1	118652	188252	1.59	0	13
NW_026512562.1	37266	54853	1.47	0	14
NW_026512563.1	58363	271128	4.65	0	184
NW_026512564.1	148257	846739	5.71	0	95
NW_026512565.1	27985	83520	2.98	0	16
NW_026512566.1	211980	525058	2.48	0	18
NW_026512567.1	35724	83689	2.34	0	14
NW_026512568.1	53743	127726	2.38	0	62
NW_026512569.1	68658	123767	1.80	0	19
NW_026512570.1	30277	104516	3.45	0	34
NW_026512571.1	20484	28278	1.38	0	7
NW_026512572.1	47470	96059	2.02	0	25
NW_026512573.1	19741	13906	0.70	0	6
NW_026512574.1	48856	183701	3.76	0	17
NW_026512575.1	33447	121730	3.64	0	16
NW_026512576.1	399639	1313041	3.29	0	46
NW_026512577.1	73902	87314	1.18	0	14
NW_026512578.1	10101	14320	1.42	0	9
NW_026512579.1	47745	273710	5.73	0	74
NW_026512580.1	198068	427543	2.16	0	17
NW_026512581.1	197674	731212	3.70	0	36
NW_026512582.1	302561	1257362	4.16	0	89
NW_026512583.1	57505	105775	1.84	0	13
NW_026512584.1	42196	196975	4.67	0	43
NW_026512585.1	40817	119157	2.92	0	14
NW_026512586.1	33823	80617	2.38	0	17
NW_026512587.1	58994	171494	2.91	0	15
NW_026512588.1	50025	70497	1.41	0	10
NW_026512589.1	86255	596744	6.92	0	187
NW_026512590.1	28382	98374	3.47	0	17
NW_026512591.1	38152	135414	3.55	0	12
NW_026512592.1	116563	519644	4.46	0	446
NW_026512593.1	185793	259840	1.40	0	13
NW_026512594.1	45484	268940	5.91	0	38
NW_026512595.1	23538	51883	2.20	0	12
NW_026512596.1	24400	62801	2.57	0	12
NW_026512597.1	258572	768563	2.97	0	18
NW_026512598.1	143878	362854	2.52	0	20
NW_026512599.1	26422	86589	3.28	0	15
NW_026512600.1	162003	8559813	52.84	0	1170
NW_026512601.1	50139	196637	3.92	0	23
NW_026512602.1	48537	118730	2.45	0	14
NW_026512603.1	34509	100941	2.93	0	12
NW_026512604.1	166052	364019	2.19	0	124
NW_026512605.1	28236	105168	3.72	0	30
NW_026512606.1	60932	164529	2.70	0	14
NW_026512607.1	41040	179729	4.38	0	16
NW_026512608.1	56926	75337	1.32	0	9
NW_026512609.1	27219	229093	8.42	0	270
NW_026512610.1	56616	302445	5.34	0	82
NW_026512611.1	7041	12701	1.80	0	9
NW_026512612.1	228926	753064	3.29	0	142
NW_026512613.1	27365	117033	4.28	0	18
NW_026512614.1	32890	1215709	36.96	0	503
NW_026512615.1	529426	2283566	4.31	0	42
NW_026512616.1	73144	268044	3.66	0	16
NW_026512617.1	59365	210772	3.55	0	56
NW_026512618.1	68795	218608	3.18	0	14
NW_026512619.1	82811	132501	1.60	0	13
NW_026512620.1	61557	65943	1.07	0	12
NW_026512621.1	53195	104273	1.96	0	24
NW_026512622.1	92627	378261	4.08	0	624
NW_026512623.1	56461	145696	2.58	0	13
NW_026512624.1	375788	1191876	3.17	0	71
NW_026512625.1	394838	968760	2.45	0	39
NW_026512626.1	12312	48672	3.95	0	20
NW_026512627.1	68692	184736	2.69	0	17
NW_026512628.1	82618	197085	2.39	0	16
NW_026512629.1	53842	146924	2.73	0	16
NW_026512630.1	28325	60570	2.14	0	12
NW_026512631.1	28291	58568	2.07	0	25
NW_026512632.1	24446	39955	1.63	0	13
NW_026512633.1	235504	557770	2.37	0	17
NW_026512634.1	271404	420829	1.55	0	19
NW_026512635.1	39785	114957	2.89	0	16
NW_026512636.1	58941	142977	2.43	0	89
NW_026512637.1	500569	1035869	2.07	0	26
NW_026512638.1	41979	185249	4.41	0	38
NW_026512639.1	24812	75690	3.05	0	19
NW_026512640.1	52271	226117	4.33	0	21
NW_026512641.1	213923	550500	2.57	0	38
NW_026512642.1	283565	821944	2.90	0	114
NW_026512643.1	90506	142318	1.57	0	13
NW_026512644.1	91735	142267	1.55	0	18
NW_026512645.1	71434	141065	1.97	0	22
NW_026512646.1	42680	144442	3.38	0	27
NW_026512647.1	228455	555388	2.43	0	44
NW_026512648.1	332623	826590	2.49	0	89
NW_026512649.1	22127	61914	2.80	0	12
NW_026512650.1	79147	212728	2.69	0	15
NW_026512651.1	63142	137396	2.18	0	11
NW_026512652.1	139145	303835	2.18	0	24
NW_026512653.1	54226	102509	1.89	0	14
NW_026512654.1	110936	200155	1.80	0	27
NW_026512655.1	73167	123861	1.69	0	301
NW_026512656.1	26565	98550	3.71	0	34
NW_026512657.1	7926	9474	1.20	0	12
NW_026512658.1	33861	31430	0.93	0	9
NW_026512659.1	133396	246401	1.85	0	15
NW_026512660.1	39211	89673	2.29	0	13
NW_026512661.1	52375	519733	9.92	0	1019
NW_026512662.1	23887	37820	1.58	0	11
NW_026512663.1	4915	11083	2.25	0	8
NW_026512664.1	49984	47100	0.94	0	8
NW_026512665.1	42831	72475	1.69	0	11
NW_026512666.1	42679	165627	3.88	0	15
NW_026512667.1	4009	7166	1.79	0	7
NW_026512668.1	57668	115459	2.00	0	15
NW_026512669.1	114177	156116	1.37	0	16
NW_026512670.1	281150	920410	3.27	0	71
NW_026512671.1	3588	26901	7.50	0	40
NW_026512672.1	106003	293165	2.77	0	24
NW_026512673.1	41476	123781	2.98	0	27
NW_026512674.1	48197	156868	3.25	0	54
NW_026512675.1	43149	107019	2.48	0	26
NW_026512676.1	52043	68324	1.31	0	11
NW_026512677.1	58197	335664	5.77	0	58
NW_026512678.1	79808	433214	5.43	0	39
NW_026512679.1	80856	144038	1.78	0	12
NW_026512680.1	469673	674452	1.44	0	16
NW_026512681.1	85563	238974	2.79	0	33
NW_026512682.1	137446	287066	2.09	0	21
NW_026512683.1	33736	125363	3.72	0	29
NW_026512684.1	422814	1069917	2.53	0	27
NW_026512685.1	60411	200525	3.32	0	27
NW_026512686.1	34464	106936	3.10	0	17
NW_026512687.1	120745	179576	1.49	0	18
NW_026512688.1	23730	79997	3.37	0	17
NW_026512689.1	22278	84976	3.81	0	33
NW_026512690.1	55778	173650	3.11	0	32
NW_026512691.1	89101	139600	1.57	0	13
NW_026512692.1	53230	219424	4.12	0	33
NW_026512693.1	4658	14019	3.01	0	10
NW_026512694.1	37198	156483	4.21	0	15
NW_026512695.1	365704	408415	1.12	0	18
NW_026512696.1	64560	346164	5.36	0	28
NW_026512697.1	58693	178102	3.03	0	19
NW_026512698.1	58165	198239	3.41	0	18
NW_026512699.1	53663	158157	2.95	0	23
NW_026512700.1	304079	609257	2.00	0	23
NW_026512701.1	32343	63521	1.96	0	11
NW_026512702.1	24546	93424	3.81	0	15
NW_026512703.1	67802	188114	2.77	0	16
NW_026512704.1	90409	700166	7.74	0	1430
NW_026512705.1	50001	98973	1.98	0	15
NW_026512706.1	6668	12626	1.89	0	7
NW_026512707.1	163860	434766	2.65	0	35
NW_026512708.1	49993	63610	1.27	0	13
NW_026512709.1	43953	269356	6.13	0	44
NW_026512710.1	42789	181329	4.24	0	20
NW_026512711.1	2838	11248	3.96	0	15
NW_026512712.1	42262	146599	3.47	0	29
NW_026512713.1	261157	558071	2.14	0	40
NW_026512714.1	38392	111987	2.92	0	19
NW_026512715.1	325382	910365	2.80	0	30
NW_026512716.1	257034	463250	1.80	0	25
NW_026512717.1	78278	152002	1.94	0	14
NW_026512718.1	24230	121203	5.00	0	39
NW_026512719.1	46150	141675	3.07	0	21
NW_026512720.1	24771	91627	3.70	0	12
NW_026512721.1	22010	332303	15.10	0	780
NW_026512722.1	308996	535432	1.73	0	21
NW_026512723.1	213575	483471	2.26	0	19
NW_026512724.1	52710	214390	4.07	0	132
NW_026512725.1	49958	54271	1.09	0	13
NW_026512726.1	56427	193369	3.43	0	40
NW_026512727.1	141925	307635	2.17	0	28
NW_026512728.1	172825	466785	2.70	0	20
NW_026512729.1	5368	7457	1.39	0	6
NW_026512730.1	44585	114583	2.57	0	38
NW_026512731.1	87550	158681	1.81	0	22
NW_026512732.1	5434	10530	1.94	0	12
NW_026512733.1	56647	147722	2.61	0	13
NW_026512734.1	94288	283355	3.01	0	15
NW_026512735.1	26540	75902	2.86	0	14
NW_026512736.1	37183	113394	3.05	0	14
NW_026512737.1	17847	87400	4.90	0	25
NW_026512738.1	14007	41925	2.99	0	23
NW_026512739.1	74895	133123	1.78	0	12
NW_026512740.1	39373	77260	1.96	0	12
NW_026512741.1	129493	433919	3.35	0	24
NW_026512742.1	44267	115791	2.62	0	17
NW_026512743.1	205282	353660	1.72	0	17
NW_026512744.1	119483	390959	3.27	0	88
NW_026512745.1	48995	217034	4.43	0	1134
NW_026512746.1	47292	82416	1.74	0	15
NW_026512747.1	79696	95392	1.20	0	11
NW_026512748.1	37663	141878	3.77	0	66
NW_026512749.1	284558	539426	1.90	0	22
NW_026512750.1	148481	241229	1.62	0	36
NW_026512751.1	39633	49262	1.24	0	10
NW_026512752.1	2996	200	0.07	0	1
NW_026512753.1	188130	1084736	5.77	0	828
NW_026512754.1	387780	934318	2.41	0	21
NW_026512755.1	368591	557638	1.51	0	21
NW_026512756.1	39709	114115	2.87	0	28
NW_026512757.1	133236	222501	1.67	0	16
NW_026512758.1	8444	21108	2.50	0	13
NW_026512759.1	116135	249987	2.15	0	34
NW_026512760.1	66583	168305	2.53	0	32
NW_026512761.1	461064	860833	1.87	0	146
NW_026512762.1	25721	115689	4.50	0	29
NW_026512763.1	39293	94665	2.41	0	13
NW_026512764.1	89460	237759	2.66	0	49
NW_026512765.1	57594	212648	3.69	0	26
NW_026512766.1	24290	55658	2.29	0	11
NW_026512767.1	10342	2800	0.27	0	2
NW_026512768.1	55833	139614	2.50	0	13
NW_026512769.1	96604	195946	2.03	0	16
NW_026512770.1	22583	98078	4.34	0	39
NW_026512771.1	54914	104089	1.90	0	36
NW_026512772.1	187598	417387	2.22	0	20
NW_026512773.1	64674	89931	1.39	0	12
NW_026512774.1	84767	346358	4.09	0	21
NW_026512775.1	26119	385207	14.75	0	128
NW_026512776.1	61726	224910	3.64	0	29
NW_026512777.1	57131	83241	1.46	0	10
NW_026512778.1	21194	40050	1.89	0	11
NW_026512779.1	57623	40217	0.70	0	18
NW_026512780.1	77722	76153	0.98	0	13
NW_026512781.1	142460	192491	1.35	0	13
NW_026512782.1	136601	380571	2.79	0	17
NW_026512783.1	53769	166396	3.09	0	13
NW_026512784.1	169996	432580	2.54	0	17
NW_026512785.1	38486	126425	3.28	0	44
NW_026512786.1	82301	135273	1.64	0	14
NW_026512787.1	26964	81945	3.04	0	21
NW_026512788.1	3474	11423	3.29	0	9
NW_026512789.1	16334	14629	0.90	0	13
NW_026512790.1	75770	370622	4.89	0	40
NW_026512791.1	49654	177626	3.58	0	15
NW_026512792.1	35207	92931	2.64	0	25
NW_026512793.1	51708	165342	3.20	0	13
NW_026512794.1	55967	226548	4.05	0	43
NW_026512795.1	20066	52086	2.60	0	13
NW_026512796.1	236132	605971	2.57	0	41
NW_026512797.1	40916	193628	4.73	0	20
NW_026512798.1	40737	305406	7.50	0	44
NW_026512799.1	49990	61211	1.22	0	11
NW_026512800.1	54201	112716	2.08	0	17
NW_026512801.1	513096	1730979	3.37	0	41
NW_026512802.1	182732	521894	2.86	0	19
NW_026512803.1	49870	72541	1.45	0	14
NW_026512804.1	44753	133760	2.99	0	24
NW_026512805.1	50592	96356	1.90	0	13
NW_026512806.1	69956	216185	3.09	0	18
NW_026512807.1	55739	70578	1.27	0	22
NW_026512808.1	51253	562047	10.97	0	106
NW_026512809.1	21392	94695	4.43	0	24
NW_026512810.1	57571	161099	2.80	0	15
NW_026512811.1	10038	21373	2.13	0	9
NW_026512812.1	132755	279297	2.10	0	15
NW_026512813.1	36277	459866	12.68	0	138
NW_026512814.1	65506	32126	0.49	0	8
NW_026512815.1	21526	66574	3.09	0	13
NW_026512816.1	39699	226174	5.70	0	191
NW_026512817.1	132691	608385	4.58	0	46
NW_026512818.1	309753	553293	1.79	0	22
NW_026512819.1	51430	115983	2.26	0	13
NW_026512820.1	57020	167384	2.94	0	21
NW_026512821.1	35476	99709	2.81	0	12
NW_026512822.1	50115	78962	1.58	0	11
NW_026512823.1	41728	115961	2.78	0	14
NW_026512824.1	60501	107430	1.78	0	10
NW_026512825.1	34488	116522	3.38	0	18
NW_026512826.1	198172	877244	4.43	0	187
NW_026512827.1	42013	205828	4.90	0	102
NW_026512828.1	378960	1240706	3.27	0	22
NW_026512829.1	26842	147010	5.48	0	46
NW_026512830.1	116768	302287	2.59	0	27
NW_026512831.1	144912	280866	1.94	0	17
NW_026512832.1	121749	332861	2.73	0	21
NW_026512833.1	244345	644965	2.64	0	23
NW_026512834.1	23415	70688	3.02	0	20
NW_026512835.1	26777	58903	2.20	0	24
NW_026512836.1	52598	745632	14.18	0	432
NW_026512837.1	27919	80206	2.87	0	26
NW_026512838.1	206295	366752	1.78	0	22
NW_026512839.1	190805	606600	3.18	0	33
NW_026512840.1	268894	751604	2.80	0	42
NW_026512841.1	43726	459526	10.51	0	168
NW_026512842.1	103708	192205	1.85	0	23
NW_026512843.1	131029	528670	4.03	0	17
NW_026512844.1	32976	110123	3.34	0	14
NW_026512845.1	60424	105572	1.75	0	20
NW_026512846.1	31424	225816	7.19	0	144
NW_026512847.1	57873	255358	4.41	0	88
NW_026512848.1	54022	431941	8.00	0	51
NW_026512849.1	28986	46579	1.61	0	12
NW_026512850.1	45049	187359	4.16	0	45
NW_026512851.1	33505	102972	3.07	0	17
NW_026512852.1	38203	234879	6.15	0	164
NW_026512853.1	25282	42674	1.69	0	14
NW_026512854.1	45993	156006	3.39	0	13
NW_026512855.1	185932	300547	1.62	0	24
NW_026512856.1	87863	232251	2.64	0	17
NW_026512857.1	25719	71824	2.79	0	13
NW_026512858.1	49222	137703	2.80	0	27
NW_026512859.1	43306	131646	3.04	0	21
NW_026512860.1	147836	253909	1.72	0	15
NW_026512861.1	31038	192286	6.20	0	31
NW_026512862.1	50002	83516	1.67	0	10
NW_026512863.1	31279	39070	1.25	0	79
NW_026512864.1	76241	160461	2.10	0	14
NW_026512865.1	361460	1711680	4.74	0	104
NW_026512866.1	5433	10861	2.00	0	10
NW_026512867.1	59192	213941	3.61	0	20
NW_026512868.1	42569	93107	2.19	0	32
NW_026512869.1	209395	572741	2.74	0	34
NW_026512870.1	62181	346993	5.58	0	67
NW_026512871.1	326707	1032337	3.16	0	20
NW_026512872.1	25023	76278	3.05	0	15
NW_026512873.1	51313	184089	3.59	0	27
NW_026512874.1	21202	143562	6.77	0	135
NW_026512875.1	69444	122139	1.76	0	17
NW_026512876.1	44748	33024	0.74	0	17
NW_026512877.1	57620	104759	1.82	0	17
NW_026512878.1	308361	538207	1.75	0	31
NW_026512879.1	4420	5751	1.30	0	8
NW_026512880.1	72195	336178	4.66	0	38
NW_026512881.1	42879	62984	1.47	0	8
NW_026512882.1	63543	90851	1.43	0	10
NW_026512883.1	38535	817953	21.23	0	360
NW_026512884.1	40418	147690	3.65	0	28
NW_026512885.1	30410	143898	4.73	0	38
NW_026512886.1	39050	163742	4.19	0	47
NW_026512887.1	32424	19012	0.59	0	6
NW_026512888.1	293628	701162	2.39	0	58
NW_026512889.1	46497	208486	4.48	0	97
NW_026512890.1	235244	508895	2.16	0	55
NW_026512891.1	136668	258159	1.89	0	13
NW_026512892.1	45826	177979	3.88	0	21
NW_026512893.1	32558	45885	1.41	0	10
NW_026512894.1	31033	138120	4.45	0	90
NW_026512895.1	101462	320300	3.16	0	25
NW_026512896.1	66920	445353	6.66	0	79
NW_026512897.1	30998	375007	12.10	0	708
NW_026512898.1	57721	203456	3.52	0	17
NW_026512899.1	53146	320638	6.03	0	28
NW_026512900.1	456533	1207968	2.65	0	65
NW_026512901.1	44814	188854	4.21	0	25
NW_026512902.1	140348	1819272	12.96	0	1069
NW_026512903.1	35755	88198	2.47	0	17
NW_026512904.1	59133	43993	0.74	0	11
NW_026512905.1	1868	8034	4.30	0	12
NW_026512906.1	155187	508038	3.27	0	26
NW_026512907.1	80621	161972	2.01	0	34
NW_026512908.1	52408	169403	3.23	0	30
NW_026512909.1	49996	92870	1.86	0	8
NW_026512910.1	93982	839731	8.94	0	171
NW_026512911.1	143563	409503	2.85	0	33
NW_026512912.1	54209	91090	1.68	0	16
NW_026512913.1	31266	246679	7.89	0	185
NW_026512914.1	48997	870652	17.77	0	320
NW_026512915.1	22322	101607	4.55	0	55
NW_026512916.1	278708	319983	1.15	0	32
NW_026512917.1	202728	272531	1.34	0	11
NW_026512918.1	52554	111321	2.12	0	16
NW_026512919.1	49997	56997	1.14	0	22
NW_026512920.1	61153	65300	1.07	0	11
NW_026512921.1	155612	1104144	7.10	0	82
NW_026512922.1	152036	232451	1.53	0	19
NW_026512923.1	69357	111486	1.61	0	13
NW_026512924.1	44816	55979	1.25	0	13
NW_026512925.1	50893	70062	1.38	0	12
NW_026512926.1	100375	183911	1.83	0	15
NW_026512927.1	145076	319326	2.20	0	17
NW_026512928.1	233520	403401	1.73	0	20
NW_026512929.1	354744	1214079	3.42	0	43
NW_026512930.1	49412	115656	2.34	0	21
NW_026512931.1	86918	306538	3.53	0	22
NW_026512932.1	98812	417742	4.23	0	48
NW_026512933.1	189263	407276	2.15	0	62
NW_026512934.1	172668	321077	1.86	0	17
NW_026512935.1	29904	194053	6.49	0	65
NW_026512936.1	102399	196464	1.92	0	15
NW_026512937.1	104680	96789	0.92	0	22
NW_026512938.1	78955	271212	3.44	0	25
NW_026512939.1	35215	72919	2.07	0	10
NW_026512940.1	209654	446978	2.13	0	16
NW_026512941.1	21754	125145	5.75	0	32
NW_026512942.1	130913	376403	2.88	0	16
NW_026512943.1	51463	73542	1.43	0	10
NW_026512944.1	26136	106671	4.08	0	16
NW_026512945.1	161824	496281	3.07	0	33
NW_026512946.1	22730	108659	4.78	0	22
NW_026512947.1	140393	171887	1.22	0	34
NW_026512948.1	163802	514716	3.14	0	69
NW_026512949.1	75890	558630	7.36	0	123
NW_026512950.1	44816	167770	3.74	0	71
NW_026512951.1	32526	125928	3.87	0	39
NW_026512952.1	42294	151326	3.58	0	16
NW_026512953.1	301419	653829	2.17	0	77
NW_026512954.1	46018	368413	8.01	0	140
NW_026512955.1	396097	650697	1.64	0	17
NW_026512956.1	355509	1566417	4.41	0	231
NW_026512957.1	51290	95444	1.86	0	13
NW_026512958.1	24777	143779	5.80	0	76
NW_026512959.1	133108	159750	1.20	0	19
NW_026512960.1	52567	64854	1.23	0	8
NW_026512961.1	79757	236359	2.96	0	25
NW_026512962.1	176338	323619	1.84	0	29
NW_026512963.1	49998	74289	1.49	0	8
NW_026512964.1	78073	144458	1.85	0	27
NW_026512965.1	50074	197088	3.94	0	14
NW_026512966.1	151898	322790	2.13	0	24
NW_026512967.1	107131	561277	5.24	0	164
NW_026512968.1	63238	93644	1.48	0	11
NW_026512969.1	34212	278604	8.14	0	59
NW_026512970.1	47614	70101	1.47	0	11
NW_026512971.1	26089	74402	2.85	0	11
NW_026512972.1	47369	128992	2.72	0	13
NW_026512973.1	27339	69218	2.53	0	45
NW_026512974.1	39564	64072	1.62	0	15
NW_026512975.1	234577	714836	3.05	0	22
NW_026512976.1	91809	185735	2.02	0	27
NW_026512977.1	365225	989361	2.71	0	40
NW_026512978.1	59165	309364	5.23	0	56
NW_026512979.1	45261	86773	1.92	0	9
NW_026512980.1	57329	86185	1.50	0	14
NW_026512981.1	47084	101041	2.15	0	28
NW_026512982.1	3931	8684	2.21	0	7
NW_026512983.1	309328	985249	3.19	0	21
NW_026512984.1	31367	298766	9.52	0	123
NW_026512985.1	40679	70368	1.73	0	17
NW_026512986.1	306425	1092198	3.56	0	79
NW_026512987.1	56589	46076	0.81	0	11
NW_026512988.1	20489	49961	2.44	0	11
NW_026512989.1	33373	190207	5.70	0	49
NW_026512990.1	51139	207812	4.06	0	16
NW_026512991.1	54263	60251	1.11	0	14
NW_026512992.1	42142	142498	3.38	0	17
NW_026512993.1	172867	843838	4.88	0	206
NW_026512994.1	30199	86814	2.87	0	17
NW_026512995.1	29973	46221	1.54	0	9
NW_026512996.1	43730	303227	6.93	0	170
NW_026512997.1	36108	102226	2.83	0	20
NW_026512998.1	106018	145680	1.37	0	13
NW_026512999.1	49998	85393	1.71	0	13
NW_026513000.1	22691	253971	11.19	0	487
NW_026513001.1	93294	405615	4.35	0	36
NW_026513002.1	85177	204030	2.40	0	76
NW_026513003.1	185576	500660	2.70	0	19
NW_026513004.1	326467	814753	2.50	0	59
NW_026513005.1	30142	99794	3.31	0	15
NW_026513006.1	8596	14139	1.64	0	7
NW_026513007.1	71819	204891	2.85	0	14
NW_026513008.1	168369	292106	1.73	0	25
NW_026513009.1	35022	113550	3.24	0	30
NW_026513010.1	24742	92385	3.73	0	16
NW_026513011.1	43960	143214	3.26	0	52
NW_026513012.1	31006	45284	1.46	0	10
NW_026513013.1	32468	157410	4.85	0	75
NW_026513014.1	41992	152442	3.63	0	14
NW_026513015.1	28362	62851	2.22	0	11
NW_026513016.1	50004	116639	2.33	0	12
NW_026513017.1	167219	435851	2.61	0	19
NW_026513018.1	50024	58320	1.17	0	22
NW_026513019.1	51834	94895	1.83	0	10
NW_026513020.1	25464	47068	1.85	0	12
NW_026513021.1	57481	100677	1.75	0	21
NW_026513022.1	3631	25517	7.03	0	23
NW_026513023.1	36045	68449	1.90	0	20
NW_026513024.1	66877	244269	3.65	0	34
NW_026513025.1	68596	108625	1.58	0	12
NW_026513026.1	57604	195323	3.39	0	50
NW_026513027.1	33177	78090	2.35	0	33
NW_026513028.1	34974	154836	4.43	0	129
NW_026513029.1	445398	615733	1.38	0	21
NW_026513030.1	52654	164716	3.13	0	16
NW_026513031.1	50460	196342	3.89	0	27
NW_026513032.1	29612	88046	2.97	0	16
NW_026513033.1	209339	681173	3.25	0	28
NW_026513034.1	30007	103404	3.45	0	14
NW_026513035.1	22486	71786	3.19	0	25
NW_026513036.1	148156	553565	3.74	0	56
NW_026513037.1	64847	493136	7.60	0	233
NW_026513038.1	313902	525191	1.67	0	20
NW_026513039.1	51603	132099	2.56	0	14
NW_026513040.1	6049	10246	1.69	0	7
NW_026513041.1	45444	137322	3.02	0	23
NW_026513042.1	78455	79298	1.01	0	18
NW_026513043.1	38483	149478	3.88	0	17
NW_026513044.1	96466	360707	3.74	0	17
NW_026513045.1	11976	34889	2.91	0	18
NW_026513046.1	31481	96868	3.08	0	16
NW_026513047.1	40579	126854	3.13	0	11
NW_026513048.1	55568	98023	1.76	0	15
NW_026513049.1	50829	80395	1.58	0	8
NW_026513050.1	68011	129730	1.91	0	49
NW_026513051.1	87025	249362	2.87	0	18
NW_026513052.1	28117	110039	3.91	0	108
NW_026513053.1	22671	145728	6.43	0	35
NW_026513054.1	147478	337357	2.29	0	19
NW_026513055.1	25922	34647	1.34	0	13
NW_026513056.1	155037	463865	2.99	0	19
NW_026513057.1	21463	74506	3.47	0	28
NW_026513058.1	45698	114165	2.50	0	16
NW_026513059.1	57317	85738	1.50	0	14
NW_026513060.1	27127	64362	2.37	0	16
NW_026513061.1	82379	338056	4.10	0	60
NW_026513062.1	23306	60393	2.59	0	40
NW_026513063.1	100756	246946	2.45	0	196
NW_026513064.1	71684	136870	1.91	0	17
NW_026513065.1	129472	272639	2.11	0	69
NW_026513066.1	297903	888153	2.98	0	22
NW_026513067.1	239262	252217	1.05	0	22
NW_026513068.1	27918	75484	2.70	0	17
NW_026513069.1	82119	118555	1.44	0	31
NW_026513070.1	511436	1245192	2.43	0	1573
NW_026513071.1	71833	478798	6.67	0	107
NW_026513072.1	103456	221267	2.14	0	15
NW_026513073.1	178886	742712	4.15	0	30
NW_026513074.1	33032	143121	4.33	0	24
NW_026513075.1	65515	218418	3.33	0	19
NW_026513076.1	87075	159202	1.83	0	19
NW_026513077.1	46280	165797	3.58	0	13
NW_026513078.1	443460	664959	1.50	0	26
NW_026513079.1	30307	97799	3.23	0	13
NW_026513080.1	20071	66033	3.29	0	16
NW_026513081.1	31366	115392	3.68	0	14
NW_026513082.1	71614	101721	1.42	0	16
NW_026513083.1	34594	5790511	167.38	0	947
NW_026513084.1	77717	340563	4.38	0	32
NW_026513085.1	57032	233383	4.09	0	81
NW_026513086.1	31842	88388	2.78	0	16
NW_026513087.1	56988	177219	3.11	0	18
NW_026513088.1	50000	67358	1.35	0	12
NW_026513089.1	117295	383237	3.27	0	15
NW_026513090.1	103805	345002	3.32	0	142
NW_026513091.1	27477	147170	5.36	0	113
NW_026513092.1	27211	104044	3.82	0	21
NW_026513093.1	32420	82264	2.54	0	18
NW_026513094.1	45850	138563	3.02	0	16
NW_026513095.1	89669	118303	1.32	0	14
NW_026513096.1	288037	1096934	3.81	0	222
NW_026513097.1	58194	241583	4.15	0	43
NW_026513098.1	101304	524153	5.17	0	71
NW_026513099.1	27685	31379	1.13	0	11
NW_026513100.1	45602	205454	4.51	0	32
NW_026513101.1	93856	155041	1.65	0	14
NW_026513102.1	40600	153441	3.78	0	15
NW_026513103.1	39687	460015	11.59	0	134
NW_026513104.1	50235	37716	0.75	0	31
NW_026513105.1	102601	338687	3.30	0	20
NW_026513106.1	24614	67427	2.74	0	13
NW_026513107.1	346408	659073	1.90	0	48
NW_026513108.1	250650	676422	2.70	0	47
NW_026513109.1	82307	132544	1.61	0	63
NW_026513110.1	269703	452285	1.68	0	18
NW_026513111.1	50796	128317	2.53	0	22
NW_026513112.1	53227	287438	5.40	0	154
NW_026513113.1	21094	81733	3.87	0	18
NW_026513114.1	39203	173365	4.42	0	26
NW_026513115.1	51958	204329	3.93	0	90
NW_026513116.1	249263	737895	2.96	0	27
NW_026513117.1	59990	208501	3.48	0	30
NW_026513118.1	246305	791184	3.21	0	140
NW_026513119.1	206787	881736	4.26	0	291
NW_026513120.1	280505	451606	1.61	0	25
NW_026513121.1	56333	170452	3.03	0	13
NW_026513122.1	35833	139037	3.88	0	23
NW_026513123.1	362182	2126470	5.87	0	214
NW_026513124.1	86197	147338	1.71	0	11
NW_026513125.1	43139	103462	2.40	0	14
NW_026513126.1	231484	591717	2.56	0	20
NW_026513127.1	53183	269591	5.07	0	21
NW_026513128.1	76219	184134	2.42	0	20
NW_026513129.1	5506	19642	3.57	0	15
NW_026513130.1	22776	159230	6.99	0	62
NW_026513131.1	30569	75661	2.48	0	14
NW_026513132.1	51706	39983	0.77	0	7
NW_026513133.1	85569	158470	1.85	0	22
MH893761.1	17378	6538191	376.23	0	1498
total	10019681169	35698898358	3.56	0	158404
