chrom	length	bases	mean	min	max
NC_069499.1	1601664463	4868439965	3.04	0	69715
NC_069500.1	1450603269	4255960903	2.93	0	38190
NC_069501.1	1296922325	3793003558	2.92	0	51764
NC_069502.1	1241340601	3805797270	3.07	0	6603
NC_069503.1	1167632593	3480981087	2.98	0	21565
NC_069504.1	1160268632	3509374215	3.02	0	49972
NC_069505.1	643478974	2265793264	3.52	0	17721
NC_069506.1	354776354	1078764982	3.04	0	2103
NC_069507.1	291274852	985186531	3.38	0	80718
NC_069508.1	220236004	655259368	2.98	0	11360
NC_069509.1	202747905	677985034	3.34	0	1642
NC_069510.1	161021261	557762065	3.46	0	1401
NW_026510679.1	63549	148307	2.33	0	183
NW_026510680.1	38495	22634	0.59	0	17
NW_026510681.1	57344	77914	1.36	0	48
NW_026510682.1	15133	44177	2.92	0	16
NW_026510683.1	49135	118433	2.41	0	38
NW_026510684.1	22809	1719448	75.38	0	1268
NW_026510685.1	265183	391835	1.48	0	34
NW_026510686.1	120394	175309	1.46	0	21
NW_026510687.1	69805	161586	2.31	0	47
NW_026510688.1	34150	91278	2.67	0	30
NW_026510689.1	37353	89690	2.40	0	77
NW_026510690.1	49924	75066	1.50	0	24
NW_026510691.1	522461	1637261	3.13	0	72
NW_026510692.1	60004	214032	3.57	0	116
NW_026510693.1	23712	31831	1.34	0	11
NW_026510694.1	41845	154851	3.70	0	46
NW_026510695.1	51795	88517	1.71	0	33
NW_026510696.1	10259	24895	2.43	0	10
NW_026510697.1	324224	583759	1.80	0	108
NW_026510698.1	36665	77276	2.11	0	18
NW_026510699.1	67933	68714	1.01	0	19
NW_026510700.1	23399	67479	2.88	0	30
NW_026510701.1	222590	422924	1.90	0	60
NW_026510702.1	127115	2084409	16.40	0	569
NW_026510703.1	23727	140070	5.90	0	112
NW_026510704.1	168684	361725	2.14	0	92
NW_026510705.1	46278	67290	1.45	0	16
NW_026510706.1	44876	157911	3.52	0	43
NW_026510707.1	49599	100106	2.02	0	34
NW_026510708.1	242248	480535	1.98	0	84
NW_026510709.1	210118	334859	1.59	0	18
NW_026510710.1	94221	268287	2.85	0	96
NW_026510711.1	50599	156013	3.08	0	49
NW_026510712.1	30948	121483	3.93	0	56
NW_026510713.1	53865	27249	0.51	0	9
NW_026510714.1	183455	253002	1.38	0	40
NW_026510715.1	58714	82898	1.41	0	13
NW_026510716.1	298630	935452	3.13	0	293
NW_026510717.1	50199	40443	0.81	0	11
NW_026510718.1	62703	183748	2.93	0	65
NW_026510719.1	485246	1283755	2.65	0	164
NW_026510720.1	42646	118449	2.78	0	243
NW_026510721.1	49850	3624933	72.72	0	948
NW_026510722.1	24751	63267	2.56	0	17
NW_026510723.1	110643	136507	1.23	0	21
NW_026510724.1	31193	53051	1.70	0	19
NW_026510725.1	71298	103461	1.45	0	20
NW_026510726.1	33384	51525	1.54	0	51
NW_026510727.1	72037	307206	4.26	0	144
NW_026510728.1	40401	2137466	52.91	0	1372
NW_026510729.1	214444	273898	1.28	0	31
NW_026510730.1	45585	161370	3.54	0	36
NW_026510731.1	17533	18126	1.03	0	8
NW_026510732.1	56730	114690	2.02	0	57
NW_026510733.1	78315	114993	1.47	0	19
NW_026510734.1	33735	58111	1.72	0	24
NW_026510735.1	71459	180636	2.53	0	73
NW_026510736.1	92592	152498	1.65	0	23
NW_026510737.1	268446	812930	3.03	0	67
NW_026510738.1	49475	45859	0.93	0	23
NW_026510739.1	56187	518195	9.22	0	432
NW_026510740.1	71642	69304	0.97	0	13
NW_026510741.1	26156	37279	1.43	0	14
NW_026510742.1	21507	18549	0.86	0	9
NW_026510743.1	41998	105913	2.52	0	330
NW_026510744.1	85413	143015	1.67	0	15
NW_026510745.1	35456	112113	3.16	0	40
NW_026510746.1	88333	317930	3.60	0	212
NW_026510747.1	17651	27354	1.55	0	11
NW_026510748.1	20219	19419	0.96	0	9
NW_026510749.1	91981	137796	1.50	0	18
NW_026510750.1	34074	77163	2.26	0	14
NW_026510751.1	121950	151244	1.24	0	29
NW_026510752.1	62069	117125	1.89	0	73
NW_026510753.1	338283	5274266	15.59	0	299
NW_026510754.1	63301	120980	1.91	0	34
NW_026510755.1	21927	97046	4.43	0	44
NW_026510756.1	102448	182870	1.79	0	24
NW_026510757.1	37766	110193	2.92	0	44
NW_026510758.1	51622	43096	0.83	0	17
NW_026510759.1	51250	355091	6.93	0	54
NW_026510760.1	20154	57947	2.88	0	28
NW_026510761.1	36032	2588076	71.83	0	2512
NW_026510762.1	25358	95789	3.78	0	90
NW_026510763.1	103345	282345	2.73	0	47
NW_026510764.1	34030	7429711	218.33	0	1518
NW_026510765.1	364023	483082	1.33	0	29
NW_026510766.1	43765	165845	3.79	0	30
NW_026510767.1	50124	68169	1.36	0	19
NW_026510768.1	43159	83756	1.94	0	21
NW_026510769.1	40273	128333	3.19	0	259
NW_026510770.1	80349	110979	1.38	0	21
NW_026510771.1	72846	435861	5.98	0	125
NW_026510772.1	44512	100069	2.25	0	23
NW_026510773.1	113604	220499	1.94	0	32
NW_026510774.1	37099	821743	22.15	0	420
NW_026510775.1	21675	4735	0.22	0	5
NW_026510776.1	54002	261130	4.84	0	73
NW_026510777.1	182007	445407	2.45	0	66
NW_026510778.1	63407	288255	4.55	0	125
NW_026510779.1	37293	73387	1.97	0	22
NW_026510780.1	131247	800939	6.10	0	200
NW_026510781.1	35093	97422	2.78	0	20
NW_026510782.1	41822	50058	1.20	0	14
NW_026510783.1	25881	80339	3.10	0	32
NW_026510784.1	50140	82919	1.65	0	23
NW_026510785.1	49997	16894	0.34	0	16
NW_026510786.1	44386	64219	1.45	0	19
NW_026510787.1	21716	55556	2.56	0	33
NW_026510788.1	55940	209792	3.75	0	53
NW_026510789.1	28541	27789	0.97	0	19
NW_026510790.1	27851	124219	4.46	0	46
NW_026510791.1	112250	162286	1.45	0	21
NW_026510792.1	80109	112390	1.40	0	16
NW_026510793.1	20299	14087	0.69	0	13
NW_026510794.1	57368	125148	2.18	0	21
NW_026510795.1	47123	137922	2.93	0	41
NW_026510796.1	118293	1681856	14.22	0	5277
NW_026510797.1	69722	67371	0.97	0	27
NW_026510798.1	101420	115170	1.14	0	38
NW_026510799.1	94485	157285	1.66	0	31
NW_026510800.1	33763	78199	2.32	0	246
NW_026510801.1	411185	1197645	2.91	0	74
NW_026510802.1	37145	170453	4.59	0	58
NW_026510803.1	103406	238304	2.30	0	71
NW_026510804.1	203182	333061	1.64	0	124
NW_026510805.1	143330	362859	2.53	0	81
NW_026510806.1	132302	292139	2.21	0	81
NW_026510807.1	109733	209205	1.91	0	24
NW_026510808.1	85329	153469	1.80	0	47
NW_026510809.1	36061	24763	0.69	0	28
NW_026510810.1	49275	141699	2.88	0	34
NW_026510811.1	220737	691736	3.13	0	224
NW_026510812.1	40677	95079	2.34	0	33
NW_026510813.1	218191	715869	3.28	0	51
NW_026510814.1	48119	103874	2.16	0	41
NW_026510815.1	1817	2998	1.65	0	6
NW_026510816.1	56933	76568	1.34	0	21
NW_026510817.1	59499	105220	1.77	0	17
NW_026510818.1	28825	46448	1.61	0	23
NW_026510819.1	31699	28606	0.90	0	30
NW_026510820.1	44628	302877	6.79	0	575
NW_026510821.1	60995	64847	1.06	0	17
NW_026510822.1	17472	7007	0.40	0	7
NW_026510823.1	37530	38094	1.02	0	26
NW_026510824.1	83770	125988	1.50	0	32
NW_026510825.1	33872	107569	3.18	0	71
NW_026510826.1	473170	894079	1.89	0	65
NW_026510827.1	49998	120129	2.40	0	37
NW_026510828.1	387219	898328	2.32	0	56
NW_026510829.1	103277	140322	1.36	0	28
NW_026510830.1	56780	413572	7.28	0	62
NW_026510831.1	74761	91429	1.22	0	29
NW_026510832.1	36933	152962	4.14	0	134
NW_026510833.1	215571	424842	1.97	0	44
NW_026510834.1	37504	132307	3.53	0	22
NW_026510835.1	72945	100255	1.37	0	35
NW_026510836.1	27523	104113	3.78	0	73
NW_026510837.1	23609	36502	1.55	0	14
NW_026510838.1	44398	60637	1.37	0	14
NW_026510839.1	70392	87528	1.24	0	25
NW_026510840.1	50262	67456	1.34	0	23
NW_026510841.1	303728	555462	1.83	0	33
NW_026510842.1	38841	201594	5.19	0	188
NW_026510843.1	20111	201232	10.01	0	418
NW_026510844.1	36106	74509	2.06	0	21
NW_026510845.1	7565	15743	2.08	0	13
NW_026510846.1	37019	41507	1.12	0	15
NW_026510847.1	24258	22534	0.93	0	17
NW_026510848.1	318195	1034121	3.25	0	144
NW_026510849.1	35598	192546	5.41	0	83
NW_026510850.1	25509	93394	3.66	0	98
NW_026510851.1	22757	151320	6.65	0	100
NW_026510852.1	131609	260784	1.98	0	67
NW_026510853.1	196298	549693	2.80	0	140
NW_026510854.1	25391	18981	0.75	0	18
NW_026510855.1	182985	370480	2.02	0	37
NW_026510856.1	41116	152277	3.70	0	89
NW_026510857.1	29436	85883	2.92	0	22
NW_026510858.1	45292	140345	3.10	0	57
NW_026510859.1	43569	137566	3.16	0	46
NW_026510860.1	110515	362393	3.28	0	108
NW_026510861.1	50256	50199	1.00	0	16
NW_026510862.1	301617	461067	1.53	0	28
NW_026510863.1	39858	128484	3.22	0	39
NW_026510864.1	29463	48858	1.66	0	24
NW_026510865.1	63633	97729	1.54	0	22
NW_026510866.1	64127	214275	3.34	0	75
NW_026510867.1	47281	122246	2.59	0	37
NW_026510868.1	39634	67114	1.69	0	21
NW_026510869.1	58850	146482	2.49	0	33
NW_026510870.1	46758	100011	2.14	0	21
NW_026510871.1	29656	266739	8.99	0	151
NW_026510872.1	386608	2453487	6.35	0	193
NW_026510873.1	249894	553455	2.21	0	55
NW_026510874.1	44804	63724	1.42	0	19
NW_026510875.1	131269	290476	2.21	0	58
NW_026510876.1	44083	504951	11.45	0	275
NW_026510877.1	406329	458865	1.13	0	39
NW_026510878.1	37032	74507	2.01	0	33
NW_026510879.1	67116	337386	5.03	0	118
NW_026510880.1	90513	134950	1.49	0	16
NW_026510881.1	59610	96726	1.62	0	26
NW_026510882.1	71049	139974	1.97	0	21
NW_026510883.1	33755	61925	1.83	0	14
NW_026510884.1	137778	202232	1.47	0	43
NW_026510885.1	149092	192884	1.29	0	17
NW_026510886.1	136627	326152	2.39	0	36
NW_026510887.1	58259	616537	10.58	0	264
NW_026510888.1	43128	31643	0.73	0	28
NW_026510889.1	145947	407843	2.79	0	98
NW_026510890.1	31313	11686	0.37	0	7
NW_026510891.1	41575	90361	2.17	0	25
NW_026510892.1	152723	472158	3.09	0	54
NW_026510893.1	50145	49310	0.98	0	29
NW_026510894.1	168310	14262598	84.74	0	118506
NW_026510895.1	27596	137736	4.99	0	77
NW_026510896.1	53111	374972	7.06	0	95
NW_026510897.1	173336	214814	1.24	0	36
NW_026510898.1	32654	262120	8.03	0	159
NW_026510899.1	69884	129812	1.86	0	45
NW_026510900.1	57582	166382	2.89	0	70
NW_026510901.1	36769	45909	1.25	0	18
NW_026510902.1	13094	6192	0.47	0	6
NW_026510903.1	133911	311283	2.32	0	36
NW_026510904.1	116350	166722	1.43	0	23
NW_026510905.1	21065	28619	1.36	0	12
NW_026510906.1	46544	75499	1.62	0	22
NW_026510907.1	31559	37074	1.17	0	9
NW_026510908.1	42313	74380	1.76	0	14
NW_026510909.1	22942	49980	2.18	0	50
NW_026510910.1	35714	94596	2.65	0	25
NW_026510911.1	49998	93920	1.88	0	34
NW_026510912.1	12783	26786	2.10	0	16
NW_026510913.1	34412	7691	0.22	0	18
NW_026510914.1	20154	81001	4.02	0	63
NW_026510915.1	64384	98633	1.53	0	13
NW_026510916.1	26879	226795	8.44	0	172
NW_026510917.1	109331	147118	1.35	0	42
NW_026510918.1	342400	1032806	3.02	0	152
NW_026510919.1	257897	2559828	9.93	0	357
NW_026510920.1	27621	67937	2.46	0	46
NW_026510921.1	53543	75424	1.41	0	17
NW_026510922.1	186050	509202	2.74	0	98
NW_026510923.1	12461	37649	3.02	0	39
NW_026510924.1	23472	31451	1.34	0	22
NW_026510925.1	16129	12242	0.76	0	16
NW_026510926.1	74514	73075	0.98	0	11
NW_026510927.1	270733	861991	3.18	0	191
NW_026510928.1	125326	123147	0.98	0	104
NW_026510929.1	26297	61622	2.34	0	15
NW_026510930.1	20946	50542	2.41	0	32
NW_026510931.1	51241	276905	5.40	0	59
NW_026510932.1	185679	370247	1.99	0	54
NW_026510933.1	39759	62536	1.57	0	12
NW_026510934.1	86851	255189	2.94	0	34
NW_026510935.1	6533	14917	2.28	0	17
NW_026510936.1	536005	2882707	5.38	0	573
NW_026510937.1	114872	150757	1.31	0	50
NW_026510938.1	303822	337688	1.11	0	69
NW_026510939.1	38855	73836	1.90	0	30
NW_026510940.1	190818	519470	2.72	0	32
NW_026510941.1	103143	159892	1.55	0	40
NW_026510942.1	75175	157711	2.10	0	42
NW_026510943.1	52073	108958	2.09	0	35
NW_026510944.1	100772	213474	2.12	0	56
NW_026510945.1	22836	42167	1.85	0	11
NW_026510946.1	65001	109505	1.68	0	30
NW_026510947.1	34851	44786	1.29	0	23
NW_026510948.1	50437	69602	1.38	0	23
NW_026510949.1	79124	168644	2.13	0	19
NW_026510950.1	153881	1127451	7.33	0	938
NW_026510951.1	30430	111702	3.67	0	63
NW_026510952.1	139651	104781	0.75	0	8
NW_026510953.1	35667	86529	2.43	0	49
NW_026510954.1	10554	7211	0.68	0	10
NW_026510955.1	29302	11766	0.40	0	9
NW_026510956.1	49074	948619	19.33	0	391
NW_026510957.1	30070	83987	2.79	0	31
NW_026510958.1	85435	198264	2.32	0	72
NW_026510959.1	89752	153829	1.71	0	32
NW_026510960.1	45048	447189	9.93	0	152
NW_026510961.1	208153	627854	3.02	0	242
NW_026510962.1	97250	119368	1.23	0	27
NW_026510963.1	50008	80224	1.60	0	93
NW_026510964.1	23464	18898	0.81	0	11
NW_026510965.1	286038	551140	1.93	0	58
NW_026510966.1	33805	47221	1.40	0	18
NW_026510967.1	69167	33340	0.48	0	12
NW_026510968.1	52112	64554	1.24	0	24
NW_026510969.1	114126	194112	1.70	0	69
NW_026510970.1	25728	49823	1.94	0	22
NW_026510971.1	24083	23919	0.99	0	14
NW_026510972.1	312848	496665	1.59	0	47
NW_026510973.1	96591	154377	1.60	0	86
NW_026510974.1	79022	165376	2.09	0	24
NW_026510975.1	229305	390344	1.70	0	33
NW_026510976.1	133982	659374	4.92	0	39
NW_026510977.1	51742	80414	1.55	0	33
NW_026510978.1	52939	66792	1.26	0	34
NW_026510979.1	138391	291001	2.10	0	63
NW_026510980.1	25894	61352	2.37	0	37
NW_026510981.1	494628	1003728	2.03	0	78
NW_026510982.1	38670	65679	1.70	0	12
NW_026510983.1	52257	78490	1.50	0	40
NW_026510984.1	92690	319539	3.45	0	70
NW_026510985.1	91036	136950	1.50	0	38
NW_026510986.1	86126	142129	1.65	0	28
NW_026510987.1	81584	196316	2.41	0	35
NW_026510988.1	74531	45206	0.61	0	35
NW_026510989.1	53888	303450	5.63	0	135
NW_026510990.1	53752	73300	1.36	0	34
NW_026510991.1	275815	444328	1.61	0	30
NW_026510992.1	59120	103257	1.75	0	72
NW_026510993.1	34081	32733	0.96	0	11
NW_026510994.1	50486	72622	1.44	0	10
NW_026510995.1	32079	58991	1.84	0	72
NW_026510996.1	10229	14112	1.38	0	22
NW_026510997.1	139942	224044	1.60	0	67
NW_026510998.1	32752	41354	1.26	0	31
NW_026510999.1	36546	36192	0.99	0	79
NW_026511000.1	144606	344102	2.38	0	55
NW_026511001.1	69612	227295	3.27	0	74
NW_026511002.1	44358	65031	1.47	0	14
NW_026511003.1	72776	229997	3.16	0	107
NW_026511004.1	36611	165779	4.53	0	160
NW_026511005.1	130673	264797	2.03	0	30
NW_026511006.1	20977	18458	0.88	0	11
NW_026511007.1	70174	135802	1.94	0	19
NW_026511008.1	124447	205295	1.65	0	39
NW_026511009.1	113200	326225	2.88	0	26
NW_026511010.1	23370	88091	3.77	0	24
NW_026511011.1	31592	66768	2.11	0	25
NW_026511012.1	251755	409799	1.63	0	29
NW_026511013.1	299885	575554	1.92	0	64
NW_026511014.1	94685	128522	1.36	0	14
NW_026511015.1	68894	106468	1.55	0	39
NW_026511016.1	21428	92552	4.32	0	61
NW_026511017.1	7349	24439	3.33	0	17
NW_026511018.1	100738	192495	1.91	0	115
NW_026511019.1	161866	373248	2.31	0	83
NW_026511020.1	58293	127186	2.18	0	67
NW_026511021.1	32798	219589	6.70	0	87
NW_026511022.1	44541	286802	6.44	0	62
NW_026511023.1	57060	37674	0.66	0	12
NW_026511024.1	21561	334978	15.54	0	56
NW_026511025.1	262684	322606	1.23	0	26
NW_026511026.1	43922	118350	2.69	0	21
NW_026511027.1	42649	50598	1.19	0	10
NW_026511028.1	41900	30754	0.73	0	11
NW_026511029.1	38259	74600	1.95	0	13
NW_026511030.1	61841	52433	0.85	0	18
NW_026511031.1	35582	64694	1.82	0	39
NW_026511032.1	121518	448379	3.69	0	35
NW_026511033.1	51978	65038	1.25	0	22
NW_026511034.1	23305	23835	1.02	0	13
NW_026511035.1	29326	82554	2.82	0	38
NW_026511036.1	195493	237510	1.21	0	17
NW_026511037.1	32405	134506	4.15	0	45
NW_026511038.1	31690	38823	1.23	0	11
NW_026511039.1	343202	1172618	3.42	0	144
NW_026511040.1	234371	805772	3.44	0	114
NW_026511041.1	270045	1285835	4.76	0	363
NW_026511042.1	4519	14734	3.26	0	15
NW_026511043.1	14428	45306	3.14	0	22
NW_026511044.1	106949	329907	3.08	0	370
NW_026511045.1	55593	37241	0.67	0	14
NW_026511046.1	27758	739488	26.64	0	389
NW_026511047.1	67921	248672	3.66	0	79
NW_026511048.1	55740	173061	3.10	0	42
NW_026511049.1	50007	69560	1.39	0	25
NW_026511050.1	22969	48601	2.12	0	12
NW_026511051.1	318595	551990	1.73	0	59
NW_026511052.1	419461	844587	2.01	0	60
NW_026511053.1	55399	432251	7.80	0	98
NW_026511054.1	192105	704173	3.67	0	195
NW_026511055.1	34579	282500	8.17	0	481
NW_026511056.1	79436	204698	2.58	0	41
NW_026511057.1	179973	296052	1.64	0	53
NW_026511058.1	21564	38136	1.77	0	11
NW_026511059.1	22032	59261	2.69	0	29
NW_026511060.1	223352	438451	1.96	0	47
NW_026511061.1	54386	337654	6.21	0	72
NW_026511062.1	27511	245275	8.92	0	151
NW_026511063.1	98851	163749	1.66	0	33
NW_026511064.1	61883	85580	1.38	0	46
NW_026511065.1	337158	2709339	8.04	0	297
NW_026511066.1	58892	966916	16.42	0	176
NW_026511067.1	41919	94040	2.24	0	25
NW_026511068.1	33673	25679	0.76	0	17
NW_026511069.1	47667	61993	1.30	0	14
NW_026511070.1	23903	1063719	44.50	0	662
NW_026511071.1	44283	95723	2.16	0	43
NW_026511072.1	60622	95661	1.58	0	17
NW_026511073.1	156071	272473	1.75	0	45
NW_026511074.1	62439	916785	14.68	0	845
NW_026511075.1	84339	225432	2.67	0	49
NW_026511076.1	26384	49090	1.86	0	21
NW_026511077.1	34645	33830	0.98	0	9
NW_026511078.1	38188	50247	1.32	0	15
NW_026511079.1	109361	1682495	15.38	0	351
NW_026511080.1	35176	121527	3.45	0	36
NW_026511081.1	22439	44036	1.96	0	12
NW_026511082.1	57410	353188	6.15	0	145
NW_026511083.1	250617	422248	1.68	0	75
NW_026511084.1	149114	231389	1.55	0	44
NW_026511085.1	242584	1108637	4.57	0	93
NW_026511086.1	38001	183602	4.83	0	49
NW_026511087.1	31644	121909	3.85	0	48
NW_026511088.1	117634	280678	2.39	0	35
NW_026511089.1	43609	66453	1.52	0	25
NW_026511090.1	49570	111472	2.25	0	30
NW_026511091.1	240041	360161	1.50	0	76
NW_026511092.1	76359	158740	2.08	0	25
NW_026511093.1	25728	166544	6.47	0	85
NW_026511094.1	86668	127376	1.47	0	25
NW_026511095.1	48571	117769	2.42	0	24
NW_026511096.1	21156	42710	2.02	0	15
NW_026511097.1	370870	785780	2.12	0	180
NW_026511098.1	46340	104908	2.26	0	20
NW_026511099.1	62147	240211	3.87	0	85
NW_026511100.1	317244	1487080	4.69	0	328
NW_026511101.1	2706	35913	13.27	0	74
NW_026511102.1	34013	49715	1.46	0	17
NW_026511103.1	156548	323013	2.06	0	32
NW_026511104.1	38552	46261	1.20	0	20
NW_026511105.1	474804	1380583	2.91	0	82
NW_026511106.1	89200	194765	2.18	0	57
NW_026511107.1	43811	80598	1.84	0	16
NW_026511108.1	78539	181931	2.32	0	50
NW_026511109.1	31504	44381	1.41	0	20
NW_026511110.1	195476	515809	2.64	0	139
NW_026511111.1	43215	100496	2.33	0	26
NW_026511112.1	33141	94190	2.84	0	21
NW_026511113.1	45846	71886	1.57	0	18
NW_026511114.1	39743	173730	4.37	0	245
NW_026511115.1	49342	280130	5.68	0	74
NW_026511116.1	49997	50389	1.01	0	17
NW_026511117.1	49838	39419	0.79	0	12
NW_026511118.1	16311	31690	1.94	0	11
NW_026511119.1	104457	145644	1.39	0	22
NW_026511120.1	429902	1092510	2.54	0	139
NW_026511121.1	37929	437133	11.53	0	364
NW_026511122.1	58864	429257	7.29	0	1192
NW_026511123.1	31115	417924	13.43	0	175
NW_026511124.1	153317	738561	4.82	0	222
NW_026511125.1	52633	228608	4.34	0	61
NW_026511126.1	28305	57783	2.04	0	35
NW_026511127.1	59567	2361484	39.64	0	1299
NW_026511128.1	38636	43804	1.13	0	59
NW_026511129.1	35568	111032	3.12	0	43
NW_026511130.1	134979	213698	1.58	0	24
NW_026511131.1	44298	164678	3.72	0	255
NW_026511132.1	23655	58760	2.48	0	44
NW_026511133.1	133670	417418	3.12	0	98
NW_026511134.1	45660	76589	1.68	0	31
NW_026511135.1	86432	75703	0.88	0	21
NW_026511136.1	94910	142292	1.50	0	42
NW_026511137.1	45483	62617	1.38	0	17
NW_026511138.1	49996	66653	1.33	0	23
NW_026511139.1	41629	168170	4.04	0	41
NW_026511140.1	87318	182975	2.10	0	78
NW_026511141.1	63808	188065	2.95	0	37
NW_026511142.1	81945	216521	2.64	0	36
NW_026511143.1	104339	233842	2.24	0	68
NW_026511144.1	357742	1511747	4.23	0	107
NW_026511145.1	50885	223487	4.39	0	90
NW_026511146.1	182506	392185	2.15	0	41
NW_026511147.1	48367	92497	1.91	0	41
NW_026511148.1	155783	424630	2.73	0	46
NW_026511149.1	139113	283376	2.04	0	30
NW_026511150.1	123758	213091	1.72	0	33
NW_026511151.1	8466	28972	3.42	0	12
NW_026511152.1	109659	367928	3.36	0	239
NW_026511153.1	57577	135680	2.36	0	41
NW_026511154.1	24206	99933	4.13	0	48
NW_026511155.1	35755	30351	0.85	0	9
NW_026511156.1	52288	249151	4.76	0	175
NW_026511157.1	31380	165928	5.29	0	31
NW_026511158.1	82465	397887	4.82	0	281
NW_026511159.1	52141	31060	0.60	0	14
NW_026511160.1	36718	86258	2.35	0	35
NW_026511161.1	64998	100513	1.55	0	291
NW_026511162.1	36653	102762	2.80	0	57
NW_026511163.1	40281	65258	1.62	0	24
NW_026511164.1	28605	126412	4.42	0	54
NW_026511165.1	139047	333735	2.40	0	84
NW_026511166.1	39585	83284	2.10	0	128
NW_026511167.1	42327	134202	3.17	0	14
NW_026511168.1	50421	110749	2.20	0	454
NW_026511169.1	47145	90567	1.92	0	24
NW_026511170.1	20211	151462	7.49	0	94
NW_026511171.1	72755	95911	1.32	0	20
NW_026511172.1	122516	378820	3.09	0	99
NW_026511173.1	53800	265923	4.94	0	57
NW_026511174.1	27583	24517	0.89	0	29
NW_026511175.1	136895	214227	1.56	0	45
NW_026511176.1	57008	139224	2.44	0	50
NW_026511177.1	42695	104047	2.44	0	31
NW_026511178.1	55007	74879	1.36	0	30
NW_026511179.1	25877	36612	1.41	0	11
NW_026511180.1	26134	29863	1.14	0	9
NW_026511181.1	112352	161278	1.44	0	20
NW_026511182.1	73286	85363	1.16	0	29
NW_026511183.1	42560	67773	1.59	0	18
NW_026511184.1	40652	125829	3.10	0	112
NW_026511185.1	52437	282486	5.39	0	264
NW_026511186.1	63108	64429	1.02	0	34
NW_026511187.1	52206	40235	0.77	0	9
NW_026511188.1	25905	117066	4.52	0	163
NW_026511189.1	58780	165165	2.81	0	16
NW_026511190.1	46321	110997	2.40	0	139
NW_026511191.1	22507	343235	15.25	0	1771
NW_026511192.1	61134	87261	1.43	0	19
NW_026511193.1	152987	234338	1.53	0	51
NW_026511194.1	114232	196491	1.72	0	26
NW_026511195.1	71956	252271	3.51	0	67
NW_026511196.1	44446	59954	1.35	0	12
NW_026511197.1	12958	14949	1.15	0	13
NW_026511198.1	132177	455913	3.45	0	139
NW_026511199.1	41175	73812	1.79	0	18
NW_026511200.1	222825	422728	1.90	0	36
NW_026511201.1	32960	43555	1.32	0	16
NW_026511202.1	48126	199527	4.15	0	81
NW_026511203.1	50570	45305	0.90	0	24
NW_026511204.1	453183	774882	1.71	0	37
NW_026511205.1	38990	94053	2.41	0	37
NW_026511206.1	36009	169385	4.70	0	40
NW_026511207.1	56999	46469	0.82	0	15
NW_026511208.1	198052	271824	1.37	0	27
NW_026511209.1	2741	6545	2.39	0	16
NW_026511210.1	327986	526536	1.61	0	49
NW_026511211.1	203366	2516919	12.38	0	538
NW_026511212.1	46685	99702	2.14	0	17
NW_026511213.1	150648	304738	2.02	0	27
NW_026511214.1	13195	11253	0.85	0	7
NW_026511215.1	42740	28367	0.66	0	17
NW_026511216.1	43993	178227	4.05	0	45
NW_026511217.1	20567	138227	6.72	0	448
NW_026511218.1	70728	94133	1.33	0	22
NW_026511219.1	59503	134139	2.25	0	39
NW_026511220.1	139956	321230	2.30	0	297
NW_026511221.1	43228	108741	2.52	0	36
NW_026511222.1	115773	106972	0.92	0	18
NW_026511223.1	63457	42780	0.67	0	14
NW_026511224.1	177726	267848	1.51	0	105
NW_026511225.1	113218	207235	1.83	0	21
NW_026511226.1	70966	122131	1.72	0	21
NW_026511227.1	139217	414790	2.98	0	40
NW_026511228.1	108302	138238	1.28	0	91
NW_026511229.1	160348	323337	2.02	0	42
NW_026511230.1	58610	159811	2.73	0	42
NW_026511231.1	35542	59079	1.66	0	17
NW_026511232.1	33909	84876	2.50	0	23
NW_026511233.1	38306	466532	12.18	0	419
NW_026511234.1	137710	200341	1.45	0	35
NW_026511235.1	50345	182373	3.62	0	32
NW_026511236.1	25271	44946	1.78	0	17
NW_026511237.1	23706	48291	2.04	0	16
NW_026511238.1	26800	42474	1.58	0	16
NW_026511239.1	25162	45675	1.82	0	17
NW_026511240.1	35197	78862	2.24	0	20
NW_026511241.1	157465	219012	1.39	0	41
NW_026511242.1	56419	105805	1.88	0	56
NW_026511243.1	233658	579870	2.48	0	73
NW_026511244.1	26909	186045	6.91	0	59
NW_026511245.1	49965	71484	1.43	0	16
NW_026511246.1	36267	55635	1.53	0	18
NW_026511247.1	122662	412819	3.37	0	48
NW_026511248.1	596214	1520295	2.55	0	51
NW_026511249.1	161382	769075	4.77	0	150
NW_026511250.1	4124	8598	2.08	0	18
NW_026511251.1	146719	248249	1.69	0	24
NW_026511252.1	26797	54402	2.03	0	38
NW_026511253.1	96701	129635	1.34	0	26
NW_026511254.1	45423	111792	2.46	0	36
NW_026511255.1	279562	645733	2.31	0	63
NW_026511256.1	48554	85112	1.75	0	15
NW_026511257.1	20414	31641	1.55	0	12
NW_026511258.1	372806	2394135	6.42	0	153
NW_026511259.1	30600	106019	3.46	0	41
NW_026511260.1	74294	119026	1.60	0	26
NW_026511261.1	26589	57350	2.16	0	13
NW_026511262.1	52886	96147	1.82	0	22
NW_026511263.1	41121	93297	2.27	0	30
NW_026511264.1	57231	127587	2.23	0	19
NW_026511265.1	44855	92730	2.07	0	34
NW_026511266.1	506897	4025433	7.94	0	612
NW_026511267.1	52884	55044	1.04	0	16
NW_026511268.1	355071	465169	1.31	0	41
NW_026511269.1	92883	121987	1.31	0	37
NW_026511270.1	46973	118303	2.52	0	27
NW_026511271.1	40921	59196	1.45	0	30
NW_026511272.1	72784	153174	2.10	0	109
NW_026511273.1	38547	101422	2.63	0	23
NW_026511274.1	51464	27980	0.54	0	14
NW_026511275.1	63114	228988	3.63	0	91
NW_026511276.1	222288	409433	1.84	0	68
NW_026511277.1	43472	93962	2.16	0	18
NW_026511278.1	54032	91117	1.69	0	32
NW_026511279.1	50873	106927	2.10	0	34
NW_026511280.1	323256	559170	1.73	0	201
NW_026511281.1	108101	706759	6.54	0	63
NW_026511282.1	54402	88362	1.62	0	12
NW_026511283.1	30576	47575	1.56	0	36
NW_026511284.1	23491	48353	2.06	0	12
NW_026511285.1	54543	90296	1.66	0	19
NW_026511286.1	15008	11345	0.76	0	9
NW_026511287.1	322689	458881	1.42	0	49
NW_026511288.1	43751	62660	1.43	0	25
NW_026511289.1	38638	174408	4.51	0	60
NW_026511290.1	179996	346330	1.92	0	34
NW_026511291.1	50012	37692	0.75	0	12
NW_026511292.1	45347	97519	2.15	0	29
NW_026511293.1	42398	226152	5.33	0	187
NW_026511294.1	33759	46066	1.36	0	11
NW_026511295.1	136773	274594	2.01	0	52
NW_026511296.1	61612	61003	0.99	0	15
NW_026511297.1	46065	81223	1.76	0	23
NW_026511298.1	97999	164398	1.68	0	24
NW_026511299.1	39183	61776	1.58	0	27
NW_026511300.1	45244	70459	1.56	0	35
NW_026511301.1	21047	171025	8.13	0	257
NW_026511302.1	17492	57232	3.27	0	16
NW_026511303.1	207628	442375	2.13	0	30
NW_026511304.1	2436	3726	1.53	0	8
NW_026511305.1	124640	232109	1.86	0	37
NW_026511306.1	51553	64792	1.26	0	19
NW_026511307.1	92607	109651	1.18	0	283
NW_026511308.1	27300	59061	2.16	0	226
NW_026511309.1	124038	218855	1.76	0	30
NW_026511310.1	42342	42066	0.99	0	12
NW_026511311.1	39518	40060	1.01	0	17
NW_026511312.1	68107	183515	2.69	0	45
NW_026511313.1	33103	42626	1.29	0	11
NW_026511314.1	118836	299687	2.52	0	78
NW_026511315.1	73728	207329	2.81	0	52
NW_026511316.1	23987	165997	6.92	0	366
NW_026511317.1	13775	22520	1.63	0	19
NW_026511318.1	51889	120143	2.32	0	31
NW_026511319.1	51163	134797	2.63	0	39
NW_026511320.1	26236	80562	3.07	0	20
NW_026511321.1	19584	124447	6.35	0	25
NW_026511322.1	364046	474642	1.30	0	36
NW_026511323.1	308800	535208	1.73	0	82
NW_026511324.1	69178	105358	1.52	0	49
NW_026511325.1	59851	289676	4.84	0	48
NW_026511326.1	48504	110650	2.28	0	28
NW_026511327.1	23596	50032	2.12	0	20
NW_026511328.1	35725	166229	4.65	0	44
NW_026511329.1	30965	66649	2.15	0	52
NW_026511330.1	87416	238970	2.73	0	22
NW_026511331.1	50002	68772	1.38	0	20
NW_026511332.1	52684	104629	1.99	0	30
NW_026511333.1	181955	387252	2.13	0	41
NW_026511334.1	82848	113153	1.37	0	19
NW_026511335.1	57719	382126	6.62	0	413
NW_026511336.1	48068	58857	1.22	0	12
NW_026511337.1	50668	134325	2.65	0	64
NW_026511338.1	81763	100320	1.23	0	42
NW_026511339.1	57700	242743	4.21	0	38
NW_026511340.1	50003	108645	2.17	0	14
NW_026511341.1	38908	61240	1.57	0	21
NW_026511342.1	43031	126788	2.95	0	30
NW_026511343.1	290583	586381	2.02	0	84
NW_026511344.1	216073	502570	2.33	0	34
NW_026511345.1	6472	13033	2.01	0	7
NW_026511346.1	105998	216376	2.04	0	28
NW_026511347.1	65935	126025	1.91	0	37
NW_026511348.1	46453	87410	1.88	0	32
NW_026511349.1	30339	84064	2.77	0	59
NW_026511350.1	140003	366226	2.62	0	81
NW_026511351.1	162672	357532	2.20	0	144
NW_026511352.1	60085	84443	1.41	0	30
NW_026511353.1	29171	59900	2.05	0	12
NW_026511354.1	52519	83660	1.59	0	11
NW_026511355.1	201660	1008859	5.00	0	755
NW_026511356.1	25619	86119	3.36	0	28
NW_026511357.1	32889	230619	7.01	0	88
NW_026511358.1	423037	745313	1.76	0	36
NW_026511359.1	36982	136982	3.70	0	26
NW_026511360.1	280412	428661	1.53	0	33
NW_026511361.1	158416	303771	1.92	0	44
NW_026511362.1	73633	118382	1.61	0	26
NW_026511363.1	20072	42270	2.11	0	13
NW_026511364.1	73432	112126	1.53	0	28
NW_026511365.1	39079	43466	1.11	0	31
NW_026511366.1	60227	99498	1.65	0	52
NW_026511367.1	21751	47327	2.18	0	13
NW_026511368.1	81239	180898	2.23	0	38
NW_026511369.1	55959	168385	3.01	0	74
NW_026511370.1	59030	88358	1.50	0	14
NW_026511371.1	54591	107965	1.98	0	56
NW_026511372.1	220051	450158	2.05	0	33
NW_026511373.1	62229	82752	1.33	0	16
NW_026511374.1	47168	89294	1.89	0	14
NW_026511375.1	55813	96659	1.73	0	17
NW_026511376.1	57476	171817	2.99	0	23
NW_026511377.1	469054	1323825	2.82	0	102
NW_026511378.1	24341	51264	2.11	0	30
NW_026511379.1	36840	41916	1.14	0	8
NW_026511380.1	78483	452914	5.77	0	160
NW_026511381.1	711	138	0.19	0	1
NW_026511382.1	19903	69250	3.48	0	19
NW_026511383.1	137638	231481	1.68	0	69
NW_026511384.1	83662	86523	1.03	0	18
NW_026511385.1	90183	95382	1.06	0	33
NW_026511386.1	28273	90178	3.19	0	43
NW_026511387.1	25692	187873	7.31	0	163
NW_026511388.1	37792	83429	2.21	0	34
NW_026511389.1	334024	586948	1.76	0	98
NW_026511390.1	55941	34799	0.62	0	8
NW_026511391.1	45310	178595	3.94	0	59
NW_026511392.1	25780	69127	2.68	0	13
NW_026511393.1	106462	240221	2.26	0	43
NW_026511394.1	333523	349467	1.05	0	35
NW_026511395.1	201121	323265	1.61	0	33
NW_026511396.1	153231	319604	2.09	0	69
NW_026511397.1	225006	444884	1.98	0	22
NW_026511398.1	85375	248373	2.91	0	140
NW_026511399.1	56441	186316	3.30	0	45
NW_026511400.1	221325	299370	1.35	0	37
NW_026511401.1	306632	1179518	3.85	0	111
NW_026511402.1	312064	1997451	6.40	0	154
NW_026511403.1	135888	204027	1.50	0	17
NW_026511404.1	64185	177353	2.76	0	42
NW_026511405.1	80435	126714	1.58	0	17
NW_026511406.1	46357	82924	1.79	0	18
NW_026511407.1	25659	33531	1.31	0	14
NW_026511408.1	146555	145200	0.99	0	20
NW_026511409.1	38493	149915	3.89	0	66
NW_026511410.1	428239	752198	1.76	0	46
NW_026511411.1	40577	227206	5.60	0	286
NW_026511412.1	59765	96718	1.62	0	20
NW_026511413.1	97257	392716	4.04	0	66
NW_026511414.1	49979	64714	1.29	0	10
NW_026511415.1	14741	22821	1.55	0	12
NW_026511416.1	574793	1317795	2.29	0	82
NW_026511417.1	24094	13746	0.57	0	8
NW_026511418.1	83458	109780	1.32	0	27
NW_026511419.1	49824	487169	9.78	0	125
NW_026511420.1	56048	59945	1.07	0	19
NW_026511421.1	44577	846175	18.98	0	357
NW_026511422.1	56449	2294001	40.64	0	1392
NW_026511423.1	133171	294850	2.21	0	56
NW_026511424.1	50286	795398	15.82	0	182
NW_026511425.1	48317	81731	1.69	0	38
NW_026511426.1	57483	214034	3.72	0	81
NW_026511427.1	971	127	0.13	0	1
NW_026511428.1	23661	87525	3.70	0	66
NW_026511429.1	247421	435799	1.76	0	69
NW_026511430.1	144849	230364	1.59	0	25
NW_026511431.1	1783	493	0.28	0	3
NW_026511432.1	55054	130925	2.38	0	119
NW_026511433.1	43855	34199	0.78	0	15
NW_026511434.1	212891	567235	2.66	0	65
NW_026511435.1	41111	31470	0.77	0	63
NW_026511436.1	33776	51450	1.52	0	15
NW_026511437.1	68596	90511	1.32	0	34
NW_026511438.1	31421	60097	1.91	0	21
NW_026511439.1	34945	157311	4.50	0	77
NW_026511440.1	38789	31715	0.82	0	14
NW_026511441.1	32122	44976	1.40	0	14
NW_026511442.1	340847	933528	2.74	0	70
NW_026511443.1	154339	223932	1.45	0	51
NW_026511444.1	28698	79920	2.78	0	53
NW_026511445.1	42126	96039	2.28	0	27
NW_026511446.1	30013	90314	3.01	0	72
NW_026511447.1	54213	173424	3.20	0	62
NW_026511448.1	172866	218542	1.26	0	22
NW_026511449.1	30367	25855	0.85	0	10
NW_026511450.1	228563	418850	1.83	0	48
NW_026511451.1	40118	76374	1.90	0	18
NW_026511452.1	50974	98558	1.93	0	39
NW_026511453.1	21271	48835	2.30	0	17
NW_026511454.1	127838	332747	2.60	0	57
NW_026511455.1	36423	98402	2.70	0	32
NW_026511456.1	48142	355123	7.38	0	144
NW_026511457.1	9248	16374	1.77	0	9
NW_026511458.1	107230	96489	0.90	0	21
NW_026511459.1	60572	77823	1.28	0	12
NW_026511460.1	59910	118230	1.97	0	52
NW_026511461.1	49998	89241	1.78	0	25
NW_026511462.1	40582	46090	1.14	0	11
NW_026511463.1	44801	56533	1.26	0	11
NW_026511464.1	33918	33519	0.99	0	14
NW_026511465.1	30729	55707	1.81	0	19
NW_026511466.1	56235	124022	2.21	0	52
NW_026511467.1	144583	320861	2.22	0	68
NW_026511468.1	54293	239642	4.41	0	143
NW_026511469.1	49995	61249	1.23	0	16
NW_026511470.1	71101	170192	2.39	0	33
NW_026511471.1	24149	55030	2.28	0	15
NW_026511472.1	56814	125407	2.21	0	34
NW_026511473.1	75883	101693	1.34	0	10
NW_026511474.1	126885	296865	2.34	0	42
NW_026511475.1	50745	615501	12.13	0	93
NW_026511476.1	51499	88729	1.72	0	27
NW_026511477.1	35794	88881	2.48	0	25
NW_026511478.1	50019	62976	1.26	0	15
NW_026511479.1	189391	226317	1.19	0	51
NW_026511480.1	51438	131842	2.56	0	90
NW_026511481.1	55342	215283	3.89	0	74
NW_026511482.1	54968	113448	2.06	0	30
NW_026511483.1	175263	333466	1.90	0	48
NW_026511484.1	228528	511268	2.24	0	63
NW_026511485.1	47585	170294	3.58	0	92
NW_026511486.1	45498	49742	1.09	0	9
NW_026511487.1	12847	9983	0.78	0	7
NW_026511488.1	72414	180952	2.50	0	53
NW_026511489.1	251251	2099999	8.36	0	322
NW_026511490.1	56196	316403	5.63	0	52
NW_026511491.1	57801	80434	1.39	0	16
NW_026511492.1	22375	33386	1.49	0	11
NW_026511493.1	345540	603619	1.75	0	83
NW_026511494.1	40131	83371	2.08	0	22
NW_026511495.1	34215	38523	1.13	0	14
NW_026511496.1	121020	2422103	20.01	0	725
NW_026511497.1	59759	470008	7.87	0	2470
NW_026511498.1	165302	246341	1.49	0	21
NW_026511499.1	36789	89773	2.44	0	24
NW_026511500.1	46772	94214	2.01	0	18
NW_026511501.1	13815	3777	0.27	0	6
NW_026511502.1	100121	109401	1.09	0	21
NW_026511503.1	49998	106967	2.14	0	58
NW_026511504.1	8364	21833	2.61	0	15
NW_026511505.1	54166	345314	6.38	0	1309
NW_026511506.1	29222	15766	0.54	0	30
NW_026511507.1	50000	81906	1.64	0	15
NW_026511508.1	11525	48301	4.19	0	26
NW_026511509.1	64062	90195	1.41	0	32
NW_026511510.1	126578	698387	5.52	0	151
NW_026511511.1	23210	84742	3.65	0	37
NW_026511512.1	21584	69661	3.23	0	19
NW_026511513.1	119309	108656	0.91	0	58
NW_026511514.1	48783	68480	1.40	0	52
NW_026511515.1	62833	62414	0.99	0	13
NW_026511516.1	30523	17877	0.59	0	5
NW_026511517.1	388789	644461	1.66	0	155
NW_026511518.1	73403	209767	2.86	0	41
NW_026511519.1	66945	65982	0.99	0	18
NW_026511520.1	32367	93233	2.88	0	31
NW_026511521.1	55903	125100	2.24	0	26
NW_026511522.1	77218	130900	1.70	0	43
NW_026511523.1	62833	110926	1.77	0	14
NW_026511524.1	41715	80647	1.93	0	14
NW_026511525.1	34911	74833	2.14	0	23
NW_026511526.1	115365	191822	1.66	0	25
NW_026511527.1	54669	26887	0.49	0	15
NW_026511528.1	25845	58339	2.26	0	36
NW_026511529.1	93979	183362	1.95	0	19
NW_026511530.1	54245	64995	1.20	0	33
NW_026511531.1	229176	281767	1.23	0	32
NW_026511532.1	27717	35486	1.28	0	29
NW_026511533.1	54380	189282	3.48	0	22
NW_026511534.1	43767	123934	2.83	0	109
NW_026511535.1	29963	36588	1.22	0	11
NW_026511536.1	39450	106456	2.70	0	25
NW_026511537.1	15488	57632	3.72	0	27
NW_026511538.1	85259	204028	2.39	0	39
NW_026511539.1	128932	258470	2.00	0	87
NW_026511540.1	427265	1259827	2.95	0	301
NW_026511541.1	142060	547001	3.85	0	107
NW_026511542.1	55337	115842	2.09	0	55
NW_026511543.1	185879	394876	2.12	0	86
NW_026511544.1	54972	422276	7.68	0	393
NW_026511545.1	69862	81468	1.17	0	18
NW_026511546.1	224072	608959	2.72	0	68
NW_026511547.1	361878	665877	1.84	0	61
NW_026511548.1	34661	42917	1.24	0	20
NW_026511549.1	282602	940894	3.33	0	182
NW_026511550.1	51531	59582	1.16	0	17
NW_026511551.1	31854	37277	1.17	0	31
NW_026511552.1	49915	59412	1.19	0	16
NW_026511553.1	253954	514005	2.02	0	53
NW_026511554.1	267483	1085130	4.06	0	129
NW_026511555.1	36365	128914	3.55	0	21
NW_026511556.1	139765	268570	1.92	0	66
NW_026511557.1	42473	164648	3.88	0	32
NW_026511558.1	44390	112597	2.54	0	20
NW_026511559.1	47239	97005	2.05	0	46
NW_026511560.1	36907	81999	2.22	0	25
NW_026511561.1	54944	135344	2.46	0	45
NW_026511562.1	111539	158376	1.42	0	18
NW_026511563.1	32791	43376	1.32	0	27
NW_026511564.1	378127	1771890	4.69	0	356
NW_026511565.1	40495	63583	1.57	0	38
NW_026511566.1	170646	323634	1.90	0	44
NW_026511567.1	27594	44120	1.60	0	23
NW_026511568.1	115834	172010	1.48	0	21
NW_026511569.1	27011	131422	4.87	0	133
NW_026511570.1	215490	583408	2.71	0	102
NW_026511571.1	47938	174203	3.63	0	48
NW_026511572.1	41372	94712	2.29	0	22
NW_026511573.1	47973	69301	1.44	0	22
NW_026511574.1	63200	94327	1.49	0	22
NW_026511575.1	71533	122373	1.71	0	75
NW_026511576.1	50872	82254	1.62	0	25
NW_026511577.1	31791	48666	1.53	0	18
NW_026511578.1	46284	76281	1.65	0	17
NW_026511579.1	28234	17915	0.63	0	10
NW_026511580.1	28009	23562	0.84	0	10
NW_026511581.1	61169	144701	2.37	0	60
NW_026511582.1	58325	162637	2.79	0	46
NW_026511583.1	43963	75639	1.72	0	22
NW_026511584.1	38437	75804	1.97	0	30
NW_026511585.1	37333	985720	26.40	0	441
NW_026511586.1	40818	80126	1.96	0	29
NW_026511587.1	31047	112018	3.61	0	71
NW_026511588.1	84287	178976	2.12	0	54
NW_026511589.1	68076	51213	0.75	0	43
NW_026511590.1	53615	164588	3.07	0	35
NW_026511591.1	2526	965	0.38	0	2
NW_026511592.1	23666	41883	1.77	0	28
NW_026511593.1	30459	33737	1.11	0	17
NW_026511594.1	31257	135271	4.33	0	30
NW_026511595.1	40181	119991	2.99	0	51
NW_026511596.1	51431	74531	1.45	0	21
NW_026511597.1	198588	372374	1.88	0	64
NW_026511598.1	55221	270937	4.91	0	63
NW_026511599.1	50469	59389	1.18	0	18
NW_026511600.1	47979	76466	1.59	0	14
NW_026511601.1	42664	66286	1.55	0	30
NW_026511602.1	55134	172065	3.12	0	61
NW_026511603.1	2451	5478	2.24	0	14
NW_026511604.1	50008	55837	1.12	0	9
NW_026511605.1	91708	144738	1.58	0	31
NW_026511606.1	117735	155311	1.32	0	38
NW_026511607.1	303955	588532	1.94	0	55
NW_026511608.1	49335	427107	8.66	0	86
NW_026511609.1	32756	57730	1.76	0	11
NW_026511610.1	362163	1146337	3.17	0	162
NW_026511611.1	220196	290966	1.32	0	20
NW_026511612.1	57164	209958	3.67	0	58
NW_026511613.1	59741	289840	4.85	0	60
NW_026511614.1	68423	81577	1.19	0	38
NW_026511615.1	127299	516396	4.06	0	190
NW_026511616.1	18522	6045	0.33	0	13
NW_026511617.1	35135	93310	2.66	0	20
NW_026511618.1	86885	631174	7.26	0	200
NW_026511619.1	51403	59731	1.16	0	10
NW_026511620.1	41916	113697	2.71	0	74
NW_026511621.1	79105	151749	1.92	0	24
NW_026511622.1	34474	58574	1.70	0	25
NW_026511623.1	28221	51339	1.82	0	11
NW_026511624.1	73241	32501	0.44	0	18
NW_026511625.1	103390	245987	2.38	0	28
NW_026511626.1	22423	74718	3.33	0	49
NW_026511627.1	72684	385395	5.30	0	246
NW_026511628.1	66364	135387	2.04	0	22
NW_026511629.1	46424	25119	0.54	0	20
NW_026511630.1	45600	181428	3.98	0	84
NW_026511631.1	33841	49378	1.46	0	11
NW_026511632.1	29392	108668	3.70	0	78
NW_026511633.1	52621	64271	1.22	0	14
NW_026511634.1	191939	644964	3.36	0	79
NW_026511635.1	48287	128317	2.66	0	20
NW_026511636.1	167003	227915	1.36	0	36
NW_026511637.1	22601	633221	28.02	0	133
NW_026511638.1	72404	58200	0.80	0	18
NW_026511639.1	63048	104398	1.66	0	32
NW_026511640.1	157720	417192	2.65	0	57
NW_026511641.1	56716	83421	1.47	0	23
NW_026511642.1	41865	34597	0.83	0	10
NW_026511643.1	171671	354716	2.07	0	33
NW_026511644.1	98417	93140	0.95	0	15
NW_026511645.1	54399	116706	2.15	0	35
NW_026511646.1	347672	504882	1.45	0	36
NW_026511647.1	31050	52770	1.70	0	24
NW_026511648.1	35055	117533	3.35	0	49
NW_026511649.1	46083	132751	2.88	0	34
NW_026511650.1	40474	65434	1.62	0	66
NW_026511651.1	23264	59951	2.58	0	14
NW_026511652.1	98312	140877	1.43	0	22
NW_026511653.1	56738	164977	2.91	0	51
NW_026511654.1	51727	262606	5.08	0	64
NW_026511655.1	31229	18157	0.58	0	8
NW_026511656.1	158204	207692	1.31	0	46
NW_026511657.1	118470	270921	2.29	0	90
NW_026511658.1	53381	108870	2.04	0	45
NW_026511659.1	91588	514199	5.61	0	114
NW_026511660.1	29987	39410	1.31	0	8
NW_026511661.1	45917	252258	5.49	0	304
NW_026511662.1	47585	1242122	26.10	0	1807
NW_026511663.1	256606	557010	2.17	0	71
NW_026511664.1	60969	84867	1.39	0	18
NW_026511665.1	52185	236525	4.53	0	78
NW_026511666.1	392631	855376	2.18	0	50
NW_026511667.1	26532	40390	1.52	0	12
NW_026511668.1	9381	19395	2.07	0	14
NW_026511669.1	124908	275236	2.20	0	1429
NW_026511670.1	58084	83586	1.44	0	18
NW_026511671.1	41874	84209	2.01	0	31
NW_026511672.1	194333	412631	2.12	0	119
NW_026511673.1	75025	368743	4.91	0	93
NW_026511674.1	50056	86995	1.74	0	29
NW_026511675.1	53224	101610	1.91	0	23
NW_026511676.1	59674	85781	1.44	0	45
NW_026511677.1	381798	1487301	3.90	0	109
NW_026511678.1	43763	60536	1.38	0	31
NW_026511679.1	32751	89146	2.72	0	27
NW_026511680.1	168995	372209	2.20	0	65
NW_026511681.1	110040	914612	8.31	0	119
NW_026511682.1	59618	185080	3.10	0	121
NW_026511683.1	83724	348289	4.16	0	57
NW_026511684.1	157121	1068214	6.80	0	72
NW_026511685.1	58405	66551	1.14	0	42
NW_026511686.1	199486	572095	2.87	0	70
NW_026511687.1	43127	84608	1.96	0	16
NW_026511688.1	32630	59986	1.84	0	67
NW_026511689.1	39500	54825	1.39	0	12
NW_026511690.1	192316	393456	2.05	0	33
NW_026511691.1	1218	73	0.06	0	1
NW_026511692.1	86831	147039	1.69	0	37
NW_026511693.1	96221	209620	2.18	0	47
NW_026511694.1	35833	91659	2.56	0	12
NW_026511695.1	383358	911009	2.38	0	43
NW_026511696.1	73873	108658	1.47	0	25
NW_026511697.1	57799	134401	2.33	0	77
NW_026511698.1	54073	71589	1.32	0	39
NW_026511699.1	99694	442345	4.44	0	207
NW_026511700.1	34648	75310	2.17	0	38
NW_026511701.1	67283	200472	2.98	0	222
NW_026511702.1	22786	49305	2.16	0	14
NW_026511703.1	177017	267598	1.51	0	46
NW_026511704.1	36253	77694	2.14	0	42
NW_026511705.1	26005	18812	0.72	0	9
NW_026511706.1	24114	57893	2.40	0	17
NW_026511707.1	41615	42545	1.02	0	15
NW_026511708.1	46499	327540	7.04	0	119
NW_026511709.1	41579	57051	1.37	0	11
NW_026511710.1	300799	657134	2.18	0	71
NW_026511711.1	33649	23379	0.69	0	9
NW_026511712.1	17865	22655	1.27	0	8
NW_026511713.1	31122	106853	3.43	0	37
NW_026511714.1	88728	140649	1.59	0	44
NW_026511715.1	20815	103712	4.98	0	60
NW_026511716.1	95255	208917	2.19	0	27
NW_026511717.1	62570	91749	1.47	0	52
NW_026511718.1	46263	125762	2.72	0	60
NW_026511719.1	74522	114681	1.54	0	42
NW_026511720.1	24997	28554	1.14	0	15
NW_026511721.1	149752	319254	2.13	0	61
NW_026511722.1	59941	97399	1.62	0	15
NW_026511723.1	55121	78119	1.42	0	19
NW_026511724.1	101530	181201	1.78	0	35
NW_026511725.1	22339	70981	3.18	0	34
NW_026511726.1	245314	735900	3.00	0	50
NW_026511727.1	34260	152907	4.46	0	104
NW_026511728.1	51413	92162	1.79	0	17
NW_026511729.1	136172	232130	1.70	0	89
NW_026511730.1	204565	2082991	10.18	0	323
NW_026511731.1	78385	236455	3.02	0	36
NW_026511732.1	50002	53154	1.06	0	10
NW_026511733.1	32896	110806	3.37	0	33
NW_026511734.1	32120	91477	2.85	0	32
NW_026511735.1	63874	69307	1.09	0	12
NW_026511736.1	44526	93100	2.09	0	19
NW_026511737.1	42711	122826	2.88	0	31
NW_026511738.1	47389	162776	3.43	0	48
NW_026511739.1	28934	272524	9.42	0	149
NW_026511740.1	108362	217712	2.01	0	26
NW_026511741.1	24360	273663	11.23	0	405
NW_026511742.1	23657	61408	2.60	0	23
NW_026511743.1	145407	303698	2.09	0	47
NW_026511744.1	79903	186506	2.33	0	47
NW_026511745.1	151187	199941	1.32	0	28
NW_026511746.1	121343	164710	1.36	0	30
NW_026511747.1	65647	281785	4.29	0	164
NW_026511748.1	52341	55709	1.06	0	24
NW_026511749.1	78156	162980	2.09	0	24
NW_026511750.1	100078	156504	1.56	0	15
NW_026511751.1	66977	83807	1.25	0	19
NW_026511752.1	34991	97115	2.78	0	81
NW_026511753.1	50745	73708	1.45	0	13
NW_026511754.1	189419	613134	3.24	0	67
NW_026511755.1	301974	969988	3.21	0	200
NW_026511756.1	59784	90616	1.52	0	14
NW_026511757.1	44151	118575	2.69	0	22
NW_026511758.1	150044	186567	1.24	0	15
NW_026511759.1	34534	141109	4.09	0	32
NW_026511760.1	51061	100061	1.96	0	33
NW_026511761.1	64026	125885	1.97	0	17
NW_026511762.1	24367	18754	0.77	0	15
NW_026511763.1	87405	111817	1.28	0	49
NW_026511764.1	50004	78282	1.57	0	16
NW_026511765.1	20742	68941	3.32	0	95
NW_026511766.1	27124	59946	2.21	0	136
NW_026511767.1	125543	453239	3.61	0	76
NW_026511768.1	50041	118168	2.36	0	35
NW_026511769.1	49038	117491	2.40	0	22
NW_026511770.1	42294	103547	2.45	0	26
NW_026511771.1	32586	23303	0.72	0	13
NW_026511772.1	58710	96093	1.64	0	356
NW_026511773.1	127316	329639	2.59	0	46
NW_026511774.1	59694	81420	1.36	0	29
NW_026511775.1	38751	53160	1.37	0	14
NW_026511776.1	165968	371325	2.24	0	56
NW_026511777.1	155494	280615	1.80	0	32
NW_026511778.1	7042	139685	19.84	0	359
NW_026511779.1	482876	1420924	2.94	0	94
NW_026511780.1	38016	71415	1.88	0	19
NW_026511781.1	94497	229439	2.43	0	32
NW_026511782.1	497944	1144239	2.30	0	88
NW_026511783.1	300235	1346726	4.49	0	77
NW_026511784.1	437679	689211	1.57	0	35
NW_026511785.1	133674	210359	1.57	0	25
NW_026511786.1	194507	381455	1.96	0	364
NW_026511787.1	24351	75346	3.09	0	14
NW_026511788.1	27232	50497	1.85	0	26
NW_026511789.1	102669	246858	2.40	0	20
NW_026511790.1	52158	125288	2.40	0	37
NW_026511791.1	50402	139622	2.77	0	32
NW_026511792.1	96393	188162	1.95	0	33
NW_026511793.1	82257	190187	2.31	0	43
NW_026511794.1	24269	54517	2.25	0	23
NW_026511795.1	35167	90641	2.58	0	26
NW_026511796.1	72252	114664	1.59	0	101
NW_026511797.1	36936	70919	1.92	0	59
NW_026511798.1	41306	100885	2.44	0	45
NW_026511799.1	66526	450519	6.77	0	167
NW_026511800.1	20904	52845	2.53	0	35
NW_026511801.1	49961	79144	1.58	0	18
NW_026511802.1	57089	170867	2.99	0	39
NW_026511803.1	50090	38290	0.76	0	47
NW_026511804.1	25560	78883	3.09	0	50
NW_026511805.1	17566	27874	1.59	0	13
NW_026511806.1	241741	1196259	4.95	0	1260
NW_026511807.1	72048	126895	1.76	0	37
NW_026511808.1	24239	67727	2.79	0	34
NW_026511809.1	275654	1512529	5.49	0	479
NW_026511810.1	79311	69926	0.88	0	14
NW_026511811.1	102884	393772	3.83	0	44
NW_026511812.1	91961	127843	1.39	0	23
NW_026511813.1	150848	267635	1.77	0	36
NW_026511814.1	229059	506347	2.21	0	45
NW_026511815.1	41792	82478	1.97	0	39
NW_026511816.1	41514	99875	2.41	0	31
NW_026511817.1	40254	74393	1.85	0	80
NW_026511818.1	24852	69767	2.81	0	23
NW_026511819.1	276595	564041	2.04	0	120
NW_026511820.1	322540	1284879	3.98	0	61
NW_026511821.1	64442	35212	0.55	0	19
NW_026511822.1	55359	140205	2.53	0	30
NW_026511823.1	22003	361044	16.41	0	91
NW_026511824.1	70572	90180	1.28	0	21
NW_026511825.1	231518	408762	1.77	0	63
NW_026511826.1	31909	114913	3.60	0	63
NW_026511827.1	48380	46864	0.97	0	8
NW_026511828.1	66251	310887	4.69	0	1020
NW_026511829.1	37838	60476	1.60	0	17
NW_026511830.1	402522	1103805	2.74	0	278
NW_026511831.1	49989	51383	1.03	0	10
NW_026511832.1	43483	80518	1.85	0	27
NW_026511833.1	342299	1269680	3.71	0	91
NW_026511834.1	32425	184308	5.68	0	99
NW_026511835.1	10550	59411	5.63	0	49
NW_026511836.1	50199	88584	1.76	0	19
NW_026511837.1	45445	36536	0.80	0	32
NW_026511838.1	81545	187182	2.30	0	263
NW_026511839.1	38780	43209	1.11	0	26
NW_026511840.1	39228	119036	3.03	0	38
NW_026511841.1	52440	289224	5.52	0	108
NW_026511842.1	28974	20232	0.70	0	11
NW_026511843.1	39092	135946	3.48	0	21
NW_026511844.1	305639	512947	1.68	0	41
NW_026511845.1	49994	60592	1.21	0	37
NW_026511846.1	85788	104460	1.22	0	55
NW_026511847.1	40305	142548	3.54	0	86
NW_026511848.1	39679	115606	2.91	0	175
NW_026511849.1	34223	111642	3.26	0	28
NW_026511850.1	112335	502650	4.47	0	143
NW_026511851.1	49912	32583	0.65	0	7
NW_026511852.1	353587	959777	2.71	0	128
NW_026511853.1	33509	58031	1.73	0	18
NW_026511854.1	22782	56103	2.46	0	23
NW_026511855.1	104489	144897	1.39	0	55
NW_026511856.1	18093	27631	1.53	0	9
NW_026511857.1	45739	74622	1.63	0	34
NW_026511858.1	37491	145334	3.88	0	35
NW_026511859.1	33220	89132	2.68	0	24
NW_026511860.1	360095	1217702	3.38	0	316
NW_026511861.1	332371	672224	2.02	0	65
NW_026511862.1	49520	167449	3.38	0	33
NW_026511863.1	31750	75438	2.38	0	23
NW_026511864.1	33795	114855	3.40	0	35
NW_026511865.1	411033	892699	2.17	0	90
NW_026511866.1	27087	28154	1.04	0	19
NW_026511867.1	72665	179447	2.47	0	194
NW_026511868.1	59642	65172	1.09	0	27
NW_026511869.1	48479	118485	2.44	0	62
NW_026511870.1	21575	60870	2.82	0	61
NW_026511871.1	3794816	12131216	3.20	0	543
NW_026511872.1	50022	55838	1.12	0	10
NW_026511873.1	3859	16942	4.39	0	17
NW_026511874.1	23278	56369	2.42	0	75
NW_026511875.1	167697	438545	2.62	0	66
NW_026511876.1	114942	178870	1.56	0	34
NW_026511877.1	53458	195286	3.65	0	44
NW_026511878.1	100812	131487	1.30	0	25
NW_026511879.1	68340	72591	1.06	0	11
NW_026511880.1	58172	305074	5.24	0	91
NW_026511881.1	268485	497102	1.85	0	43
NW_026511882.1	37834	104821	2.77	0	41
NW_026511883.1	39772	108713	2.73	0	37
NW_026511884.1	83592	408559	4.89	0	87
NW_026511885.1	261663	385515	1.47	0	29
NW_026511886.1	27225	198487	7.29	0	406
NW_026511887.1	43986	731700	16.63	0	254
NW_026511888.1	47839	123727	2.59	0	44
NW_026511889.1	47105	290293	6.16	0	55
NW_026511890.1	78150	130747	1.67	0	101
NW_026511891.1	73275	87484	1.19	0	16
NW_026511892.1	28596	56406	1.97	0	34
NW_026511893.1	368945	1185727	3.21	0	328
NW_026511894.1	89018	163093	1.83	0	50
NW_026511895.1	276231	745528	2.70	0	71
NW_026511896.1	54236	139190	2.57	0	133
NW_026511897.1	204882	480578	2.35	0	59
NW_026511898.1	41548	53870	1.30	0	35
NW_026511899.1	42754	75680	1.77	0	31
NW_026511900.1	47811	427238	8.94	0	149
NW_026511901.1	23968	21198	0.88	0	15
NW_026511902.1	240210	528708	2.20	0	74
NW_026511903.1	32569	76003	2.33	0	27
NW_026511904.1	49999	99102	1.98	0	20
NW_026511905.1	30149	93793	3.11	0	37
NW_026511906.1	36566	2904715	79.44	0	805
NW_026511907.1	53317	78112	1.47	0	51
NW_026511908.1	25347	54241	2.14	0	39
NW_026511909.1	11093	21294	1.92	0	15
NW_026511910.1	10117	26869	2.66	0	11
NW_026511911.1	275591	383328	1.39	0	66
NW_026511912.1	21833	50296	2.30	0	16
NW_026511913.1	82584	154368	1.87	0	21
NW_026511914.1	27491	314621	11.44	0	114
NW_026511915.1	70175	73325	1.04	0	18
NW_026511916.1	60087	70447	1.17	0	17
NW_026511917.1	249167	352523	1.41	0	49
NW_026511918.1	35995	89886	2.50	0	19
NW_026511919.1	360029	795762	2.21	0	47
NW_026511920.1	51505	38220	0.74	0	12
NW_026511921.1	175930	321181	1.83	0	55
NW_026511922.1	50065	45723	0.91	0	36
NW_026511923.1	59641	128858	2.16	0	135
NW_026511924.1	310367	928241	2.99	0	88
NW_026511925.1	6114	6364	1.04	0	8
NW_026511926.1	22006	86776	3.94	0	108
NW_026511927.1	54136	139162	2.57	0	70
NW_026511928.1	28475	61127	2.15	0	33
NW_026511929.1	38349	96614	2.52	0	28
NW_026511930.1	5950	6702	1.13	0	9
NW_026511931.1	53578	185678	3.47	0	56
NW_026511932.1	291302	543681	1.87	0	68
NW_026511933.1	120445	198984	1.65	0	44
NW_026511934.1	84475	656660	7.77	0	171
NW_026511935.1	21484	55889	2.60	0	12
NW_026511936.1	44205	67410	1.52	0	28
NW_026511937.1	29578	34610	1.17	0	17
NW_026511938.1	41619	98773	2.37	0	26
NW_026511939.1	45051	1187557	26.36	0	475
NW_026511940.1	66247	97454	1.47	0	59
NW_026511941.1	91139	362968	3.98	0	1453
NW_026511942.1	35962	79892	2.22	0	13
NW_026511943.1	29566	35413	1.20	0	11
NW_026511944.1	122082	215265	1.76	0	110
NW_026511945.1	24902	30137	1.21	0	12
NW_026511946.1	22410	78098	3.48	0	44
NW_026511947.1	51042	96993	1.90	0	22
NW_026511948.1	63574	104611	1.65	0	37
NW_026511949.1	32254	125659	3.90	0	18
NW_026511950.1	28441	49132	1.73	0	16
NW_026511951.1	94134	176314	1.87	0	37
NW_026511952.1	30574	137016	4.48	0	106
NW_026511953.1	43425	67155	1.55	0	17
NW_026511954.1	37547	72176	1.92	0	34
NW_026511955.1	50706	98838	1.95	0	30
NW_026511956.1	21370	78277	3.66	0	26
NW_026511957.1	50213	111888	2.23	0	96
NW_026511958.1	149232	304234	2.04	0	44
NW_026511959.1	49546	98713	1.99	0	72
NW_026511960.1	24693	27669	1.12	0	12
NW_026511961.1	292049	847583	2.90	0	72
NW_026511962.1	50735	78342	1.54	0	20
NW_026511963.1	60769	63025	1.04	0	30
NW_026511964.1	9940	26380	2.65	0	20
NW_026511965.1	272175	6114356	22.46	0	36749
NW_026511966.1	176640	243685	1.38	0	30
NW_026511967.1	17887	61441	3.43	0	39
NW_026511968.1	68446	57327	0.84	0	13
NW_026511969.1	64948	154024	2.37	0	82
NW_026511970.1	50266	37127	0.74	0	13
NW_026511971.1	199352	437476	2.19	0	40
NW_026511972.1	32099	18268	0.57	0	9
NW_026511973.1	74558	155170	2.08	0	24
NW_026511974.1	27534	118073	4.29	0	34
NW_026511975.1	32503	74090	2.28	0	112
NW_026511976.1	38549	72347	1.88	0	15
NW_026511977.1	95108	208389	2.19	0	22
NW_026511978.1	99714	165797	1.66	0	52
NW_026511979.1	24945	319274	12.80	0	151
NW_026511980.1	28854	38341	1.33	0	16
NW_026511981.1	248851	566353	2.28	0	81
NW_026511982.1	139954	262894	1.88	0	42
NW_026511983.1	166266	372709	2.24	0	33
NW_026511984.1	39128	105472	2.70	0	286
NW_026511985.1	44420	30169	0.68	0	9
NW_026511986.1	38814	55875	1.44	0	41
NW_026511987.1	263598	649090	2.46	0	40
NW_026511988.1	106110	221829	2.09	0	49
NW_026511989.1	88924	137369	1.54	0	18
NW_026511990.1	27310	18154	0.66	0	15
NW_026511991.1	243556	455876	1.87	0	34
NW_026511992.1	116968	176686	1.51	0	22
NW_026511993.1	35840	92173	2.57	0	68
NW_026511994.1	26359	29226	1.11	0	16
NW_026511995.1	48539	78064	1.61	0	37
NW_026511996.1	42700	137259	3.21	0	124
NW_026511997.1	4956	1368	0.28	0	2
NW_026511998.1	367103	4468592	12.17	0	2416
NW_026511999.1	60861	145229	2.39	0	24
NW_026512000.1	57949	125979	2.17	0	46
NW_026512001.1	45874	92050	2.01	0	27
NW_026512002.1	104519	309516	2.96	0	47
NW_026512003.1	34781	63473	1.82	0	20
NW_026512004.1	39024	61529	1.58	0	34
NW_026512005.1	74423	87587	1.18	0	23
NW_026512006.1	113043	233374	2.06	0	21
NW_026512007.1	47451	214279	4.52	0	93
NW_026512008.1	46856	163613	3.49	0	60
NW_026512009.1	30364	47187	1.55	0	28
NW_026512010.1	125794	474545	3.77	0	129
NW_026512011.1	70289	132999	1.89	0	22
NW_026512012.1	268905	415508	1.55	0	39
NW_026512013.1	39243	87931	2.24	0	16
NW_026512014.1	397326	1378684	3.47	0	513
NW_026512015.1	24230	21016	0.87	0	11
NW_026512016.1	28254	84359	2.99	0	42
NW_026512017.1	55761	120404	2.16	0	36
NW_026512018.1	26854	27753	1.03	0	12
NW_026512019.1	45337	108752	2.40	0	30
NW_026512020.1	25819	111894	4.33	0	41
NW_026512021.1	115543	152613	1.32	0	43
NW_026512022.1	19501	22265	1.14	0	14
NW_026512023.1	146514	848378	5.79	0	149
NW_026512024.1	150861	249071	1.65	0	28
NW_026512025.1	125011	137409	1.10	0	24
NW_026512026.1	31895	217778	6.83	0	85
NW_026512027.1	81795	137095	1.68	0	19
NW_026512028.1	28492	23594	0.83	0	8
NW_026512029.1	32300	50709	1.57	0	18
NW_026512030.1	50000	42679	0.85	0	9
NW_026512031.1	3342	11017	3.30	0	18
NW_026512032.1	215748	619919	2.87	0	68
NW_026512033.1	246304	805034	3.27	0	233
NW_026512034.1	34172	130224	3.81	0	47
NW_026512035.1	343477	591579	1.72	0	32
NW_026512036.1	233043	720066	3.09	0	60
NW_026512037.1	40256	105135	2.61	0	36
NW_026512038.1	49699	131613	2.65	0	33
NW_026512039.1	50078	53619	1.07	0	15
NW_026512040.1	52120	65851	1.26	0	10
NW_026512041.1	102140	345475	3.38	0	100
NW_026512042.1	50000	64513	1.29	0	35
NW_026512043.1	35384	47426	1.34	0	19
NW_026512044.1	23520	126239	5.37	0	94
NW_026512045.1	216777	352137	1.62	0	57
NW_026512046.1	40030	223558	5.58	0	96
NW_026512047.1	41023	200678	4.89	0	116
NW_026512048.1	41975	112003	2.67	0	61
NW_026512049.1	26270	212702	8.10	0	224
NW_026512050.1	21711	30654	1.41	0	14
NW_026512051.1	76752	115027	1.50	0	31
NW_026512052.1	27552	75840	2.75	0	21
NW_026512053.1	174276	308139	1.77	0	87
NW_026512054.1	150986	1281951	8.49	0	227
NW_026512055.1	71369	62493	0.88	0	23
NW_026512056.1	50942	64123	1.26	0	50
NW_026512057.1	121653	185921	1.53	0	24
NW_026512058.1	224696	658666	2.93	0	284
NW_026512059.1	59069	165203	2.80	0	88
NW_026512060.1	44555	267581	6.01	0	194
NW_026512061.1	31391	87034	2.77	0	25
NW_026512062.1	66387	48935	0.74	0	17
NW_026512063.1	38636	141534	3.66	0	25
NW_026512064.1	57690	54018	0.94	0	17
NW_026512065.1	157082	302145	1.92	0	44
NW_026512066.1	126348	217111	1.72	0	35
NW_026512067.1	49092	110349	2.25	0	19
NW_026512068.1	121196	294295	2.43	0	92
NW_026512069.1	83296	118489	1.42	0	21
NW_026512070.1	38253	72297	1.89	0	12
NW_026512071.1	39090	41571	1.06	0	13
NW_026512072.1	56930	69299	1.22	0	21
NW_026512073.1	57673	119756	2.08	0	27
NW_026512074.1	42028	78274	1.86	0	26
NW_026512075.1	30131	54114	1.80	0	41
NW_026512076.1	44329	34486	0.78	0	21
NW_026512077.1	54239	157198	2.90	0	84
NW_026512078.1	339882	737259	2.17	0	66
NW_026512079.1	64262	108340	1.69	0	19
NW_026512080.1	7183	1832	0.26	0	2
NW_026512081.1	127419	267104	2.10	0	38
NW_026512082.1	33899	237207	7.00	0	117
NW_026512083.1	49997	57374	1.15	0	30
NW_026512084.1	138924	1067463	7.68	0	131
NW_026512085.1	42647	57111	1.34	0	14
NW_026512086.1	106876	822021	7.69	0	71
NW_026512087.1	53739	126398	2.35	0	66
NW_026512088.1	112405	195165	1.74	0	43
NW_026512089.1	132541	225330	1.70	0	24
NW_026512090.1	81337	260561	3.20	0	60
NW_026512091.1	47214	78375	1.66	0	31
NW_026512092.1	55287	148720	2.69	0	32
NW_026512093.1	72376	321163	4.44	0	115
NW_026512094.1	38827	126888	3.27	0	123
NW_026512095.1	22334	177877	7.96	0	78
NW_026512096.1	36986	140824	3.81	0	38
NW_026512097.1	36818	84609	2.30	0	62
NW_026512098.1	103016	178599	1.73	0	28
NW_026512099.1	377006	1085192	2.88	0	184
NW_026512100.1	59693	148177	2.48	0	63
NW_026512101.1	32006	35811	1.12	0	17
NW_026512102.1	90676	197034	2.17	0	77
NW_026512103.1	108839	264291	2.43	0	46
NW_026512104.1	80922	190475	2.35	0	53
NW_026512105.1	112715	103086	0.91	0	50
NW_026512106.1	16467	13422	0.82	0	10
NW_026512107.1	127089	288044	2.27	0	36
NW_026512108.1	29184	102077	3.50	0	81
NW_026512109.1	95664	561118	5.87	0	106
NW_026512110.1	26502	697059	26.30	0	450
NW_026512111.1	58231	93281	1.60	0	34
NW_026512112.1	383369	1736693	4.53	0	109
NW_026512113.1	19730	12320	0.62	0	7
NW_026512114.1	23974	51904	2.17	0	24
NW_026512115.1	55300	148761	2.69	0	31
NW_026512116.1	130925	382865	2.92	0	32
NW_026512117.1	23871	42229	1.77	0	13
NW_026512118.1	89435	371501	4.15	0	56
NW_026512119.1	23853	32398	1.36	0	32
NW_026512120.1	28369	36148	1.27	0	12
NW_026512121.1	43398	50261	1.16	0	18
NW_026512122.1	453750	1461585	3.22	0	93
NW_026512123.1	151988	206503	1.36	0	60
NW_026512124.1	62868	66575	1.06	0	12
NW_026512125.1	42853	54228	1.27	0	33
NW_026512126.1	255005	463541	1.82	0	40
NW_026512127.1	81267	125678	1.55	0	24
NW_026512128.1	91435	150407	1.64	0	31
NW_026512129.1	323342	512439	1.58	0	105
NW_026512130.1	31271	102989	3.29	0	23
NW_026512131.1	134593	138658	1.03	0	21
NW_026512132.1	103614	260883	2.52	0	121
NW_026512133.1	18344	9403	0.51	0	8
NW_026512134.1	49773	85182	1.71	0	15
NW_026512135.1	57172	39717	0.69	0	9
NW_026512136.1	114040	172005	1.51	0	35
NW_026512137.1	26440	87677	3.32	0	49
NW_026512138.1	47600	95723	2.01	0	21
NW_026512139.1	43866	89868	2.05	0	18
NW_026512140.1	167649	433424	2.59	0	133
NW_026512141.1	129847	218593	1.68	0	28
NW_026512142.1	50487	108145	2.14	0	24
NW_026512143.1	35402	34156	0.96	0	7
NW_026512144.1	24487	75128	3.07	0	21
NW_026512145.1	202941	343245	1.69	0	38
NW_026512146.1	228777	437320	1.91	0	36
NW_026512147.1	108014	412635	3.82	0	53
NW_026512148.1	58213	151540	2.60	0	17
NW_026512149.1	325010	476921	1.47	0	60
NW_026512150.1	6553	18240	2.78	0	20
NW_026512151.1	23425	94765	4.05	0	72
NW_026512152.1	23067	120251	5.21	0	152
NW_026512153.1	317650	3534674	11.13	0	614
NW_026512154.1	50303	165625	3.29	0	94
NW_026512155.1	91566	250364	2.73	0	65
NW_026512156.1	22354	65988	2.95	0	54
NW_026512157.1	66206	88747	1.34	0	14
NW_026512158.1	54915	95079	1.73	0	19
NW_026512159.1	48429	76628	1.58	0	17
NW_026512160.1	604363	1193750	1.98	0	183
NW_026512161.1	113016	133174	1.18	0	25
NW_026512162.1	65782	131378	2.00	0	33
NW_026512163.1	56095	123735	2.21	0	88
NW_026512164.1	44475	67598	1.52	0	36
NW_026512165.1	257985	501423	1.94	0	35
NW_026512166.1	51822	58650	1.13	0	8
NW_026512167.1	446678	1048617	2.35	0	144
NW_026512168.1	21406	31846	1.49	0	15
NW_026512169.1	208753	744582	3.57	0	54
NW_026512170.1	43466	463676	10.67	0	149
NW_026512171.1	140660	277408	1.97	0	24
NW_026512172.1	167013	265889	1.59	0	123
NW_026512173.1	57089	80366	1.41	0	41
NW_026512174.1	28852	63518	2.20	0	15
NW_026512175.1	22808	28260	1.24	0	17
NW_026512176.1	37974	132665	3.49	0	94
NW_026512177.1	75630	92990	1.23	0	17
NW_026512178.1	386293	1822788	4.72	0	66
NW_026512179.1	20718	29738	1.44	0	11
NW_026512180.1	71158	479568	6.74	0	82
NW_026512181.1	24468	25000	1.02	0	17
NW_026512182.1	41473	261656	6.31	0	205
NW_026512183.1	57013	127182	2.23	0	33
NW_026512184.1	63705	112605	1.77	0	18
NW_026512185.1	40344	50209	1.24	0	32
NW_026512186.1	51015	28810	0.56	0	10
NW_026512187.1	53575	133196	2.49	0	121
NW_026512188.1	179293	401058	2.24	0	58
NW_026512189.1	71505	129096	1.81	0	27
NW_026512190.1	53397	103584	1.94	0	19
NW_026512191.1	232687	335175	1.44	0	59
NW_026512192.1	27245	126460	4.64	0	117
NW_026512193.1	61823	99366	1.61	0	42
NW_026512194.1	37372	37455	1.00	0	10
NW_026512195.1	26255	46505	1.77	0	34
NW_026512196.1	64048	78053	1.22	0	14
NW_026512197.1	72017	118291	1.64	0	41
NW_026512198.1	22016	31441	1.43	0	20
NW_026512199.1	67733	354976	5.24	0	53
NW_026512200.1	78743	133032	1.69	0	25
NW_026512201.1	49997	32453	0.65	0	9
NW_026512202.1	126667	232227	1.83	0	58
NW_026512203.1	143541	216294	1.51	0	54
NW_026512204.1	88551	120497	1.36	0	35
NW_026512205.1	122821	216088	1.76	0	42
NW_026512206.1	101072	70165	0.69	0	14
NW_026512207.1	50850	60154	1.18	0	16
NW_026512208.1	40031	115254	2.88	0	35
NW_026512209.1	26698	71856	2.69	0	55
NW_026512210.1	49168	78356	1.59	0	38
NW_026512211.1	175027	809589	4.63	0	141
NW_026512212.1	40614	150552	3.71	0	60
NW_026512213.1	217050	672323	3.10	0	39
NW_026512214.1	228337	1806132	7.91	0	362
NW_026512215.1	54374	137914	2.54	0	155
NW_026512216.1	215946	363403	1.68	0	141
NW_026512217.1	52701	156859	2.98	0	97
NW_026512218.1	54283	55558	1.02	0	19
NW_026512219.1	46931	133994	2.86	0	41
NW_026512220.1	77642	146174	1.88	0	20
NW_026512221.1	44141	104228	2.36	0	16
NW_026512222.1	22406	20366	0.91	0	26
NW_026512223.1	40206	142578	3.55	0	73
NW_026512224.1	30389	266991	8.79	0	60
NW_026512225.1	24642	14240	0.58	0	11
NW_026512226.1	34533	98620	2.86	0	39
NW_026512227.1	89052	247038	2.77	0	21
NW_026512228.1	99911	146375	1.47	0	17
NW_026512229.1	20787	50963	2.45	0	79
NW_026512230.1	39980	54952	1.37	0	11
NW_026512231.1	45690	316444	6.93	0	489
NW_026512232.1	408517	1024024	2.51	0	111
NW_026512233.1	41647	73845	1.77	0	28
NW_026512234.1	43479	84076	1.93	0	24
NW_026512235.1	84389	183452	2.17	0	65
NW_026512236.1	39796	166040	4.17	0	40
NW_026512237.1	24219	48312	1.99	0	103
NW_026512238.1	58088	63180	1.09	0	23
NW_026512239.1	211633	386419	1.83	0	28
NW_026512240.1	31089	65327	2.10	0	27
NW_026512241.1	20429	32999	1.62	0	19
NW_026512242.1	43668	103355	2.37	0	18
NW_026512243.1	85808	389287	4.54	0	62
NW_026512244.1	36005	45506	1.26	0	14
NW_026512245.1	61285	52261	0.85	0	28
NW_026512246.1	70777	178935	2.53	0	29
NW_026512247.1	301099	713440	2.37	0	46
NW_026512248.1	123050	163369	1.33	0	49
NW_026512249.1	142224	179375	1.26	0	18
NW_026512250.1	65766	87120	1.32	0	20
NW_026512251.1	24446	30040	1.23	0	22
NW_026512252.1	74201	147420	1.99	0	21
NW_026512253.1	44431	60384	1.36	0	25
NW_026512254.1	40217	92178	2.29	0	28
NW_026512255.1	34911	89097	2.55	0	24
NW_026512256.1	55959	103442	1.85	0	17
NW_026512257.1	518815	1731833	3.34	0	118
NW_026512258.1	177725	428557	2.41	0	36
NW_026512259.1	80556	327703	4.07	0	115
NW_026512260.1	14886	83371	5.60	0	30
NW_026512261.1	53600	53343	1.00	0	16
NW_026512262.1	29710	165178	5.56	0	116
NW_026512263.1	21155	142262	6.72	0	118
NW_026512264.1	48762	115036	2.36	0	46
NW_026512265.1	67578	110785	1.64	0	20
NW_026512266.1	18192	21336	1.17	0	7
NW_026512267.1	43766	64408	1.47	0	24
NW_026512268.1	50612	71223	1.41	0	24
NW_026512269.1	25951	28315	1.09	0	13
NW_026512270.1	37798	49205	1.30	0	11
NW_026512271.1	49855	80518	1.62	0	17
NW_026512272.1	358532	589549	1.64	0	67
NW_026512273.1	139604	182823	1.31	0	31
NW_026512274.1	34686	28880	0.83	0	8
NW_026512275.1	914915	612883	0.67	0	120
NW_026512276.1	48005	68103	1.42	0	19
NW_026512277.1	21777	57166	2.63	0	11
NW_026512278.1	47166	54347	1.15	0	14
NW_026512279.1	43015	61828	1.44	0	24
NW_026512280.1	170356	224229	1.32	0	30
NW_026512281.1	39918	86703	2.17	0	39
NW_026512282.1	343394	919750	2.68	0	69
NW_026512283.1	56253	56729	1.01	0	41
NW_026512284.1	28351	99714	3.52	0	67
NW_026512285.1	177211	791707	4.47	0	78
NW_026512286.1	300531	476418	1.59	0	133
NW_026512287.1	78542	492029	6.26	0	114
NW_026512288.1	31279	172119	5.50	0	82
NW_026512289.1	28629	62995	2.20	0	21
NW_026512290.1	47582	299255	6.29	0	223
NW_026512291.1	67897	66847	0.98	0	34
NW_026512292.1	141201	220194	1.56	0	31
NW_026512293.1	49980	94172	1.88	0	18
NW_026512294.1	99338	343733	3.46	0	68
NW_026512295.1	62051	124917	2.01	0	32
NW_026512296.1	37425	57933	1.55	0	156
NW_026512297.1	50671	42679	0.84	0	22
NW_026512298.1	37280	171873	4.61	0	837
NW_026512299.1	58939	91013	1.54	0	37
NW_026512300.1	171746	444560	2.59	0	347
NW_026512301.1	50559	342631	6.78	0	448
NW_026512302.1	3681	6814	1.85	0	9
NW_026512303.1	43925	60433	1.38	0	48
NW_026512304.1	39349	160153	4.07	0	39
NW_026512305.1	140271	222160	1.58	0	34
NW_026512306.1	154567	840420	5.44	0	140
NW_026512307.1	39998	68229	1.71	0	24
NW_026512308.1	259122	424672	1.64	0	44
NW_026512309.1	8442	32486	3.85	0	23
NW_026512310.1	102702	245611	2.39	0	28
NW_026512311.1	40022	156742	3.92	0	67
NW_026512312.1	22098	84463	3.82	0	170
NW_026512313.1	57660	91412	1.59	0	18
NW_026512314.1	59927	209404	3.49	0	134
NW_026512315.1	162573	464344	2.86	0	54
NW_026512316.1	33812	36492	1.08	0	35
NW_026512317.1	106872	105933	0.99	0	16
NW_026512318.1	72887	123795	1.70	0	59
NW_026512319.1	89831	137972	1.54	0	34
NW_026512320.1	27218	80581	2.96	0	26
NW_026512321.1	184221	310150	1.68	0	49
NW_026512322.1	39180	91524	2.34	0	33
NW_026512323.1	106032	662739	6.25	0	304
NW_026512324.1	54641	365756	6.69	0	78
NW_026512325.1	77378	96593	1.25	0	41
NW_026512326.1	44989	72778	1.62	0	23
NW_026512327.1	239808	400439	1.67	0	57
NW_026512328.1	60984	67815	1.11	0	23
NW_026512329.1	29740	68669	2.31	0	39
NW_026512330.1	79662	158283	1.99	0	95
NW_026512331.1	29977	62567	2.09	0	75
NW_026512332.1	358116	547882	1.53	0	34
NW_026512333.1	225296	401763	1.78	0	78
NW_026512334.1	98976	175390	1.77	0	49
NW_026512335.1	21225	40855	1.92	0	13
NW_026512336.1	194142	375922	1.94	0	51
NW_026512337.1	459139	806840	1.76	0	82
NW_026512338.1	397997	1177487	2.96	0	161
NW_026512339.1	74391	81204	1.09	0	15
NW_026512340.1	158806	422882	2.66	0	33
NW_026512341.1	29581	17940	0.61	0	18
NW_026512342.1	262105	628068	2.40	0	71
NW_026512343.1	59938	135800	2.27	0	37
NW_026512344.1	35946	186770	5.20	0	30
NW_026512345.1	143932	283348	1.97	0	74
NW_026512346.1	244750	716788	2.93	0	76
NW_026512347.1	25275	243457	9.63	0	238
NW_026512348.1	60047	177845	2.96	0	51
NW_026512349.1	24382	2964479	121.58	0	1087
NW_026512350.1	53570	98727	1.84	0	65
NW_026512351.1	32437	45372	1.40	0	11
NW_026512352.1	52010	40823	0.78	0	14
NW_026512353.1	17459	17483	1.00	0	14
NW_026512354.1	66496	104678	1.57	0	35
NW_026512355.1	27553	26085	0.95	0	8
NW_026512356.1	34298	65694	1.92	0	21
NW_026512357.1	50355	69930	1.39	0	18
NW_026512358.1	84779	246236	2.90	0	81
NW_026512359.1	96090	146473	1.52	0	14
NW_026512360.1	51069	47412	0.93	0	37
NW_026512361.1	80729	99268	1.23	0	30
NW_026512362.1	6996	2907	0.42	0	8
NW_026512363.1	57602	111004	1.93	0	38
NW_026512364.1	83709	185881	2.22	0	23
NW_026512365.1	84958	133296	1.57	0	24
NW_026512366.1	43413	129399	2.98	0	26
NW_026512367.1	24521	40014	1.63	0	20
NW_026512368.1	155044	791725	5.11	0	203
NW_026512369.1	44378	75447	1.70	0	16
NW_026512370.1	52840	96541	1.83	0	17
NW_026512371.1	41585	96018	2.31	0	61
NW_026512372.1	25365	32138	1.27	0	13
NW_026512373.1	221488	624460	2.82	0	107
NW_026512374.1	32714	66715	2.04	0	39
NW_026512375.1	167384	250576	1.50	0	38
NW_026512376.1	89989	643570	7.15	0	118
NW_026512377.1	27931	130977	4.69	0	88
NW_026512378.1	191918	262819	1.37	0	32
NW_026512379.1	27917	27087	0.97	0	12
NW_026512380.1	28611	80611	2.82	0	597
NW_026512381.1	55781	80268	1.44	0	24
NW_026512382.1	36764	159187	4.33	0	85
NW_026512383.1	208597	1376944	6.60	0	83
NW_026512384.1	29210	67996	2.33	0	26
NW_026512385.1	37314	90147	2.42	0	35
NW_026512386.1	47388	49811	1.05	0	14
NW_026512387.1	58075	140039	2.41	0	30
NW_026512388.1	215514	509536	2.36	0	62
NW_026512389.1	45553	119494	2.62	0	66
NW_026512390.1	57228	102120	1.78	0	25
NW_026512391.1	71604	159157	2.22	0	57
NW_026512392.1	30014	64808	2.16	0	19
NW_026512393.1	25932	75301	2.90	0	46
NW_026512394.1	52558	212060	4.03	0	57
NW_026512395.1	22400	55872	2.49	0	13
NW_026512396.1	25886	47999	1.85	0	16
NW_026512397.1	93043	290199	3.12	0	88
NW_026512398.1	405538	1195574	2.95	0	112
NW_026512399.1	81592	138211	1.69	0	20
NW_026512400.1	53877	111793	2.07	0	25
NW_026512401.1	274136	509872	1.86	0	37
NW_026512402.1	7447	8505	1.14	0	8
NW_026512403.1	310707	412121	1.33	0	21
NW_026512404.1	71908	118151	1.64	0	16
NW_026512405.1	22605	31598	1.40	0	21
NW_026512406.1	505398	856059	1.69	0	426
NW_026512407.1	94817	337124	3.56	0	87
NW_026512408.1	148034	1266274	8.55	0	222
NW_026512409.1	81543	134398	1.65	0	17
NW_026512410.1	53461	162849	3.05	0	38
NW_026512411.1	99449	627228	6.31	0	104
NW_026512412.1	38197	41352	1.08	0	13
NW_026512413.1	22261	46728	2.10	0	69
NW_026512414.1	107731	202852	1.88	0	25
NW_026512415.1	70009	160464	2.29	0	31
NW_026512416.1	35019	186260	5.32	0	103
NW_026512417.1	49998	62541	1.25	0	38
NW_026512418.1	132722	312820	2.36	0	25
NW_026512419.1	82780	217479	2.63	0	38
NW_026512420.1	264916	448708	1.69	0	31
NW_026512421.1	25303	14566	0.58	0	14
NW_026512422.1	46912	147221	3.14	0	27
NW_026512423.1	9051	12338	1.36	0	12
NW_026512424.1	141568	269159	1.90	0	38
NW_026512425.1	214559	355417	1.66	0	50
NW_026512426.1	114517	251345	2.19	0	33
NW_026512427.1	27561	21416	0.78	0	16
NW_026512428.1	151572	799645	5.28	0	127
NW_026512429.1	111626	146375	1.31	0	15
NW_026512430.1	99171	237602	2.40	0	31
NW_026512431.1	60134	54671	0.91	0	15
NW_026512432.1	147279	529755	3.60	0	74
NW_026512433.1	51857	54810	1.06	0	11
NW_026512434.1	53772	915862	17.03	0	164
NW_026512435.1	40279	82227	2.04	0	28
NW_026512436.1	136649	167219	1.22	0	27
NW_026512437.1	58658	42545	0.73	0	31
NW_026512438.1	168950	432787	2.56	0	56
NW_026512439.1	112689	303626	2.69	0	140
NW_026512440.1	49988	89612	1.79	0	22
NW_026512441.1	35693	216745	6.07	0	221
NW_026512442.1	39941	105343	2.64	0	27
NW_026512443.1	378257	610724	1.61	0	104
NW_026512444.1	107470	450215	4.19	0	25
NW_026512445.1	81101	104719	1.29	0	26
NW_026512446.1	34720	124324	3.58	0	36
NW_026512447.1	49902	178491	3.58	0	39
NW_026512448.1	33235	26714	0.80	0	26
NW_026512449.1	30347	40765	1.34	0	15
NW_026512450.1	148474	224071	1.51	0	30
NW_026512451.1	122995	843924	6.86	0	418
NW_026512452.1	34798	41937	1.21	0	18
NW_026512453.1	220243	337084	1.53	0	23
NW_026512454.1	37541	93505	2.49	0	31
NW_026512455.1	29123	100851	3.46	0	53
NW_026512456.1	62102	55351	0.89	0	11
NW_026512457.1	191468	491712	2.57	0	155
NW_026512458.1	77443	168761	2.18	0	28
NW_026512459.1	45269	34672	0.77	0	15
NW_026512460.1	49996	98517	1.97	0	85
NW_026512461.1	67326	129842	1.93	0	51
NW_026512462.1	53396	90850	1.70	0	22
NW_026512463.1	27168	138151	5.09	0	83
NW_026512464.1	37530	85744	2.28	0	70
NW_026512465.1	8628	13255	1.54	0	22
NW_026512466.1	29676	31379	1.06	0	19
NW_026512467.1	44630	60304	1.35	0	18
NW_026512468.1	83744	139495	1.67	0	27
NW_026512469.1	34747	71614	2.06	0	21
NW_026512470.1	70297	206878	2.94	0	41
NW_026512471.1	95122	132770	1.40	0	56
NW_026512472.1	36725	88559	2.41	0	62
NW_026512473.1	23085	29329	1.27	0	13
NW_026512474.1	22566	44738	1.98	0	36
NW_026512475.1	23128	25581	1.11	0	8
NW_026512476.1	94393	241268	2.56	0	85
NW_026512477.1	35490	56857	1.60	0	20
NW_026512478.1	57640	91908	1.59	0	17
NW_026512479.1	233459	421465	1.81	0	41
NW_026512480.1	135321	190596	1.41	0	30
NW_026512481.1	20499	28157	1.37	0	13
NW_026512482.1	37709	81631	2.16	0	35
NW_026512483.1	108378	331646	3.06	0	72
NW_026512484.1	42581	139132	3.27	0	25
NW_026512485.1	112612	141525	1.26	0	29
NW_026512486.1	26080	45996	1.76	0	14
NW_026512487.1	41205	83682	2.03	0	17
NW_026512488.1	27889	260500	9.34	0	100
NW_026512489.1	10642	21082	1.98	0	39
NW_026512490.1	85036	257299	3.03	0	44
NW_026512491.1	38788	34267	0.88	0	19
NW_026512492.1	21981	197842	9.00	0	57
NW_026512493.1	32949	40349	1.22	0	37
NW_026512494.1	27956	159845	5.72	0	41
NW_026512495.1	52474	391245	7.46	0	150
NW_026512496.1	91871	175690	1.91	0	40
NW_026512497.1	47353	93964	1.98	0	31
NW_026512498.1	38384	128931	3.36	0	27
NW_026512499.1	140422	248614	1.77	0	52
NW_026512500.1	29478	86770	2.94	0	16
NW_026512501.1	96591	140879	1.46	0	36
NW_026512502.1	172845	322500	1.87	0	37
NW_026512503.1	115647	571070	4.94	0	629
NW_026512504.1	56697	123105	2.17	0	27
NW_026512505.1	42961	212843	4.95	0	200
NW_026512506.1	58104	73153	1.26	0	30
NW_026512507.1	60049	56548	0.94	0	30
NW_026512508.1	26961	26145	0.97	0	6
NW_026512509.1	201322	374838	1.86	0	51
NW_026512510.1	74503	121567	1.63	0	71
NW_026512511.1	35999	77158	2.14	0	49
NW_026512512.1	11181	11729	1.05	0	9
NW_026512513.1	22406	338072	15.09	0	160
NW_026512514.1	47411	112827	2.38	0	41
NW_026512515.1	40976	87579	2.14	0	29
NW_026512516.1	45947	48951	1.07	0	18
NW_026512517.1	33896	202181	5.96	0	140
NW_026512518.1	24010	14249	0.59	0	9
NW_026512520.1	274317	596685	2.18	0	145
NW_026512521.1	36667	53663	1.46	0	30
NW_026512522.1	157466	116157	0.74	0	16
NW_026512523.1	54960	136367	2.48	0	42
NW_026512524.1	38649	51318	1.33	0	14
NW_026512525.1	110664	140443	1.27	0	25
NW_026512526.1	218111	707127	3.24	0	59
NW_026512527.1	196679	309867	1.58	0	28
NW_026512528.1	41689	83821	2.01	0	28
NW_026512529.1	332695	712960	2.14	0	68
NW_026512530.1	42904	59859	1.40	0	14
NW_026512531.1	310691	1008607	3.25	0	135
NW_026512532.1	85327	177509	2.08	0	29
NW_026512533.1	60885	305745	5.02	0	132
NW_026512534.1	50326	84967	1.69	0	26
NW_026512535.1	116887	256398	2.19	0	56
NW_026512536.1	39015	151559	3.88	0	343
NW_026512537.1	30796	29883	0.97	0	23
NW_026512538.1	453206	2102879	4.64	0	414
NW_026512539.1	55252	376328	6.81	0	83
NW_026512540.1	251838	2135490	8.48	0	193
NW_026512541.1	23938	156435	6.54	0	863
NW_026512542.1	50248	138318	2.75	0	26
NW_026512543.1	35089	27281	0.78	0	15
NW_026512544.1	76578	372951	4.87	0	194
NW_026512545.1	503217	5570869	11.07	0	971
NW_026512546.1	394812	1589480	4.03	0	335
NW_026512547.1	196864	337211	1.71	0	33
NW_026512548.1	90772	137521	1.52	0	28
NW_026512549.1	42747	134136	3.14	0	74
NW_026512550.1	148337	570496	3.85	0	176
NW_026512551.1	70204	113372	1.61	0	35
NW_026512552.1	184651	395868	2.14	0	146
NW_026512553.1	30667	17967	0.59	0	23
NW_026512554.1	179063	317861	1.78	0	43
NW_026512555.1	116550	170465	1.46	0	18
NW_026512556.1	407456	1200730	2.95	0	69
NW_026512557.1	189921	1439482	7.58	0	282
NW_026512558.1	50620	110626	2.19	0	29
NW_026512559.1	38162	192412	5.04	0	23
NW_026512560.1	27233	26128	0.96	0	16
NW_026512561.1	118652	207599	1.75	0	28
NW_026512562.1	37266	56041	1.50	0	20
NW_026512563.1	58363	164919	2.83	0	214
NW_026512564.1	148257	916697	6.18	0	125
NW_026512565.1	27985	31929	1.14	0	21
NW_026512566.1	211980	354386	1.67	0	28
NW_026512567.1	35724	48543	1.36	0	18
NW_026512568.1	53743	64225	1.20	0	50
NW_026512569.1	68658	54421	0.79	0	14
NW_026512570.1	30277	103778	3.43	0	112
NW_026512571.1	20484	31616	1.54	0	7
NW_026512572.1	47470	131879	2.78	0	37
NW_026512573.1	19741	17203	0.87	0	9
NW_026512574.1	48856	108476	2.22	0	23
NW_026512575.1	33447	77044	2.30	0	56
NW_026512576.1	399639	1005702	2.52	0	56
NW_026512577.1	73902	85519	1.16	0	16
NW_026512578.1	10101	3637	0.36	0	9
NW_026512579.1	47745	133384	2.79	0	107
NW_026512580.1	198068	328292	1.66	0	29
NW_026512581.1	197674	316030	1.60	0	29
NW_026512582.1	302561	954758	3.16	0	67
NW_026512583.1	57505	88319	1.54	0	22
NW_026512584.1	42196	263055	6.23	0	120
NW_026512585.1	40817	74808	1.83	0	27
NW_026512586.1	33823	46499	1.37	0	16
NW_026512587.1	58994	77795	1.32	0	20
NW_026512588.1	50025	41588	0.83	0	9
NW_026512589.1	86255	562730	6.52	0	294
NW_026512590.1	28382	65826	2.32	0	20
NW_026512591.1	38152	112194	2.94	0	19
NW_026512592.1	116563	665019	5.71	0	836
NW_026512593.1	185793	353461	1.90	0	21
NW_026512594.1	45484	87944	1.93	0	47
NW_026512595.1	23538	45688	1.94	0	16
NW_026512596.1	24400	42954	1.76	0	16
NW_026512597.1	258572	399365	1.54	0	31
NW_026512598.1	143878	296651	2.06	0	119
NW_026512599.1	26422	89429	3.38	0	25
NW_026512600.1	162003	8431534	52.05	0	1542
NW_026512601.1	50139	177794	3.55	0	37
NW_026512602.1	48537	73688	1.52	0	12
NW_026512603.1	34509	68421	1.98	0	16
NW_026512604.1	166052	425428	2.56	0	72
NW_026512605.1	28236	75363	2.67	0	104
NW_026512606.1	60932	94067	1.54	0	12
NW_026512607.1	41040	47065	1.15	0	16
NW_026512608.1	56926	83213	1.46	0	18
NW_026512609.1	27219	252901	9.29	0	1093
NW_026512610.1	56616	222333	3.93	0	98
NW_026512611.1	7041	2677	0.38	0	7
NW_026512612.1	228926	866171	3.78	0	437
NW_026512613.1	27365	46572	1.70	0	13
NW_026512614.1	32890	431967	13.13	0	222
NW_026512615.1	529426	1273533	2.41	0	66
NW_026512616.1	73144	177439	2.43	0	21
NW_026512617.1	59365	94371	1.59	0	17
NW_026512618.1	68795	90466	1.32	0	31
NW_026512619.1	82811	113176	1.37	0	25
NW_026512620.1	61557	96326	1.56	0	33
NW_026512621.1	53195	90143	1.69	0	64
NW_026512622.1	92627	174329	1.88	0	229
NW_026512623.1	56461	96257	1.70	0	24
NW_026512624.1	375788	884309	2.35	0	110
NW_026512625.1	394838	1161319	2.94	0	90
NW_026512626.1	12312	30140	2.45	0	14
NW_026512627.1	68692	92725	1.35	0	23
NW_026512628.1	82618	101532	1.23	0	33
NW_026512629.1	53842	112549	2.09	0	17
NW_026512630.1	28325	39245	1.39	0	12
NW_026512631.1	28291	81147	2.87	0	41
NW_026512632.1	24446	16634	0.68	0	10
NW_026512633.1	235504	332652	1.41	0	32
NW_026512634.1	271404	488964	1.80	0	38
NW_026512635.1	39785	85816	2.16	0	18
NW_026512636.1	58941	141557	2.40	0	45
NW_026512637.1	500569	974982	1.95	0	135
NW_026512638.1	41979	192389	4.58	0	99
NW_026512639.1	24812	22632	0.91	0	8
NW_026512640.1	52271	193577	3.70	0	39
NW_026512641.1	213923	318046	1.49	0	38
NW_026512642.1	283565	638861	2.25	0	171
NW_026512643.1	90506	183278	2.03	0	18
NW_026512644.1	91735	145283	1.58	0	21
NW_026512645.1	71434	95199	1.33	0	18
NW_026512646.1	42680	37399	0.88	0	20
NW_026512647.1	228455	606300	2.65	0	115
NW_026512648.1	332623	657159	1.98	0	72
NW_026512649.1	22127	35128	1.59	0	22
NW_026512650.1	79147	145950	1.84	0	27
NW_026512651.1	63142	76191	1.21	0	25
NW_026512652.1	139145	364956	2.62	0	73
NW_026512653.1	54226	79323	1.46	0	39
NW_026512654.1	110936	302820	2.73	0	78
NW_026512655.1	73167	100175	1.37	0	311
NW_026512656.1	26565	53250	2.00	0	34
NW_026512657.1	7926	9459	1.19	0	11
NW_026512658.1	33861	39168	1.16	0	29
NW_026512659.1	133396	182292	1.37	0	16
NW_026512660.1	39211	66971	1.71	0	13
NW_026512661.1	52375	116966	2.23	0	101
NW_026512662.1	23887	14801	0.62	0	15
NW_026512663.1	4915	6255	1.27	0	5
NW_026512664.1	49984	54201	1.08	0	11
NW_026512665.1	42831	53581	1.25	0	17
NW_026512666.1	42679	57153	1.34	0	18
NW_026512667.1	4009	3397	0.85	0	5
NW_026512668.1	57668	128343	2.23	0	41
NW_026512669.1	114177	181386	1.59	0	17
NW_026512670.1	281150	573151	2.04	0	125
NW_026512671.1	3588	52991	14.77	0	128
NW_026512672.1	106003	206324	1.95	0	42
NW_026512673.1	41476	135546	3.27	0	74
NW_026512674.1	48197	171677	3.56	0	98
NW_026512675.1	43149	61583	1.43	0	32
NW_026512676.1	52043	61954	1.19	0	15
NW_026512677.1	58197	343858	5.91	0	362
NW_026512678.1	79808	188736	2.36	0	26
NW_026512679.1	80856	102525	1.27	0	25
NW_026512680.1	469673	839254	1.79	0	52
NW_026512681.1	85563	254276	2.97	0	48
NW_026512682.1	137446	264274	1.92	0	31
NW_026512683.1	33736	102593	3.04	0	28
NW_026512684.1	422814	777759	1.84	0	60
NW_026512685.1	60411	180725	2.99	0	28
NW_026512686.1	34464	42056	1.22	0	30
NW_026512687.1	120745	228961	1.90	0	36
NW_026512688.1	23730	48521	2.04	0	42
NW_026512689.1	22278	20718	0.93	0	29
NW_026512690.1	55778	83363	1.49	0	52
NW_026512691.1	89101	104998	1.18	0	21
NW_026512692.1	53230	122644	2.30	0	43
NW_026512693.1	4658	3465	0.74	0	8
NW_026512694.1	37198	38657	1.04	0	19
NW_026512695.1	365704	487255	1.33	0	42
NW_026512696.1	64560	90366	1.40	0	21
NW_026512697.1	58693	86230	1.47	0	15
NW_026512698.1	58165	122301	2.10	0	26
NW_026512699.1	53663	89046	1.66	0	292
NW_026512700.1	304079	562269	1.85	0	69
NW_026512701.1	32343	70752	2.19	0	25
NW_026512702.1	24546	24146	0.98	0	9
NW_026512703.1	67802	221062	3.26	0	32
NW_026512704.1	90409	839805	9.29	0	2101
NW_026512705.1	50001	82195	1.64	0	39
NW_026512706.1	6668	3576	0.54	0	7
NW_026512707.1	163860	406547	2.48	0	53
NW_026512708.1	49993	87320	1.75	0	41
NW_026512709.1	43953	38972	0.89	0	24
NW_026512710.1	42789	80929	1.89	0	25
NW_026512711.1	2838	3404	1.20	0	7
NW_026512712.1	42262	125617	2.97	0	53
NW_026512713.1	261157	505066	1.93	0	77
NW_026512714.1	38392	80520	2.10	0	26
NW_026512715.1	325382	925794	2.85	0	56
NW_026512716.1	257034	430362	1.67	0	30
NW_026512717.1	78278	138074	1.76	0	20
NW_026512718.1	24230	25188	1.04	0	25
NW_026512719.1	46150	92165	2.00	0	18
NW_026512720.1	24771	55528	2.24	0	17
NW_026512721.1	22010	157400	7.15	0	195
NW_026512722.1	308996	405418	1.31	0	47
NW_026512723.1	213575	427933	2.00	0	26
NW_026512724.1	52710	102497	1.94	0	32
NW_026512725.1	49958	39852	0.80	0	11
NW_026512726.1	56427	124575	2.21	0	43
NW_026512727.1	141925	217309	1.53	0	42
NW_026512728.1	172825	384442	2.22	0	35
NW_026512729.1	5368	8584	1.60	0	8
NW_026512730.1	44585	115216	2.58	0	170
NW_026512731.1	87550	155200	1.77	0	44
NW_026512732.1	5434	6745	1.24	0	12
NW_026512733.1	56647	131010	2.31	0	28
NW_026512734.1	94288	205188	2.18	0	52
NW_026512735.1	26540	59235	2.23	0	26
NW_026512736.1	37183	57096	1.54	0	14
NW_026512737.1	17847	58698	3.29	0	27
NW_026512738.1	14007	13285	0.95	0	8
NW_026512739.1	74895	104172	1.39	0	37
NW_026512740.1	39373	71566	1.82	0	33
NW_026512741.1	129493	473554	3.66	0	49
NW_026512742.1	44267	88107	1.99	0	31
NW_026512743.1	205282	651222	3.17	0	59
NW_026512744.1	119483	257473	2.15	0	70
NW_026512745.1	48995	292633	5.97	0	690
NW_026512746.1	47292	89239	1.89	0	29
NW_026512747.1	79696	84934	1.07	0	14
NW_026512748.1	37663	123721	3.28	0	118
NW_026512749.1	284558	637650	2.24	0	45
NW_026512750.1	148481	390590	2.63	0	96
NW_026512751.1	39633	70327	1.77	0	45
NW_026512752.1	2996	4412	1.47	0	11
NW_026512753.1	188130	819299	4.35	0	105
NW_026512754.1	387780	756260	1.95	0	44
NW_026512755.1	368591	551844	1.50	0	42
NW_026512756.1	39709	159849	4.03	0	56
NW_026512757.1	133236	206267	1.55	0	40
NW_026512758.1	8444	6894	0.82	0	12
NW_026512759.1	116135	143686	1.24	0	28
NW_026512760.1	66583	326281	4.90	0	87
NW_026512761.1	461064	1065039	2.31	0	244
NW_026512762.1	25721	89410	3.48	0	16
NW_026512763.1	39293	78821	2.01	0	18
NW_026512764.1	89460	508728	5.69	0	143
NW_026512765.1	57594	97569	1.69	0	22
NW_026512766.1	24290	33564	1.38	0	9
NW_026512767.1	10342	14570	1.41	0	12
NW_026512768.1	55833	87529	1.57	0	22
NW_026512769.1	96604	167094	1.73	0	37
NW_026512770.1	22583	70972	3.14	0	17
NW_026512771.1	54914	60383	1.10	0	19
NW_026512772.1	187598	348945	1.86	0	49
NW_026512773.1	64674	65855	1.02	0	39
NW_026512774.1	84767	147012	1.73	0	24
NW_026512775.1	26119	71268	2.73	0	44
NW_026512776.1	61726	98401	1.59	0	36
NW_026512777.1	57131	66851	1.17	0	15
NW_026512778.1	21194	31620	1.49	0	17
NW_026512779.1	57623	25282	0.44	0	10
NW_026512780.1	77722	74894	0.96	0	20
NW_026512781.1	142460	149368	1.05	0	30
NW_026512782.1	136601	211232	1.55	0	34
NW_026512783.1	53769	112066	2.08	0	31
NW_026512784.1	169996	244194	1.44	0	20
NW_026512785.1	38486	121362	3.15	0	78
NW_026512786.1	82301	149219	1.81	0	31
NW_026512787.1	26964	48359	1.79	0	39
NW_026512788.1	3474	3304	0.95	0	9
NW_026512789.1	16334	2483	0.15	0	4
NW_026512790.1	75770	229481	3.03	0	42
NW_026512791.1	49654	115422	2.32	0	19
NW_026512792.1	35207	72746	2.07	0	47
NW_026512793.1	51708	163002	3.15	0	20
NW_026512794.1	55967	42041	0.75	0	15
NW_026512795.1	20066	23480	1.17	0	17
NW_026512796.1	236132	754586	3.20	0	182
NW_026512797.1	40916	96538	2.36	0	20
NW_026512798.1	40737	195505	4.80	0	40
NW_026512799.1	49990	84579	1.69	0	35
NW_026512800.1	54201	115377	2.13	0	20
NW_026512801.1	513096	1202687	2.34	0	79
NW_026512802.1	182732	277863	1.52	0	20
NW_026512803.1	49870	47477	0.95	0	9
NW_026512804.1	44753	121996	2.73	0	43
NW_026512805.1	50592	90933	1.80	0	24
NW_026512806.1	69956	187097	2.67	0	27
NW_026512807.1	55739	83690	1.50	0	13
NW_026512808.1	51253	459778	8.97	0	98
NW_026512809.1	21392	90126	4.21	0	29
NW_026512810.1	57571	184094	3.20	0	30
NW_026512811.1	10038	17775	1.77	0	7
NW_026512812.1	132755	218696	1.65	0	23
NW_026512813.1	36277	1163307	32.07	0	368
NW_026512814.1	65506	41112	0.63	0	12
NW_026512815.1	21526	51307	2.38	0	15
NW_026512816.1	39699	154940	3.90	0	87
NW_026512817.1	132691	442375	3.33	0	83
NW_026512818.1	309753	472957	1.53	0	113
NW_026512819.1	51430	126000	2.45	0	18
NW_026512820.1	57020	120226	2.11	0	39
NW_026512821.1	35476	64636	1.82	0	34
NW_026512822.1	50115	85817	1.71	0	17
NW_026512823.1	41728	61561	1.48	0	13
NW_026512824.1	60501	58019	0.96	0	13
NW_026512825.1	34488	84703	2.46	0	22
NW_026512826.1	198172	222698	1.12	0	48
NW_026512827.1	42013	312623	7.44	0	212
NW_026512828.1	378960	610776	1.61	0	40
NW_026512829.1	26842	166285	6.19	0	56
NW_026512830.1	116768	179461	1.54	0	32
NW_026512831.1	144912	206787	1.43	0	23
NW_026512832.1	121749	187867	1.54	0	23
NW_026512833.1	244345	430218	1.76	0	51
NW_026512834.1	23415	60468	2.58	0	26
NW_026512835.1	26777	38822	1.45	0	22
NW_026512836.1	52598	121346	2.31	0	65
NW_026512837.1	27919	20813	0.75	0	11
NW_026512838.1	206295	354517	1.72	0	53
NW_026512839.1	190805	572263	3.00	0	85
NW_026512840.1	268894	482758	1.80	0	66
NW_026512841.1	43726	1280101	29.28	0	486
NW_026512842.1	103708	184558	1.78	0	24
NW_026512843.1	131029	390448	2.98	0	29
NW_026512844.1	32976	51442	1.56	0	13
NW_026512845.1	60424	90064	1.49	0	26
NW_026512846.1	31424	65170	2.07	0	28
NW_026512847.1	57873	316859	5.48	0	264
NW_026512848.1	54022	138629	2.57	0	50
NW_026512849.1	28986	85237	2.94	0	26
NW_026512850.1	45049	73134	1.62	0	13
NW_026512851.1	33505	91739	2.74	0	30
NW_026512852.1	38203	71137	1.86	0	55
NW_026512853.1	25282	43837	1.73	0	13
NW_026512854.1	45993	90448	1.97	0	25
NW_026512855.1	185932	384412	2.07	0	55
NW_026512856.1	87863	158386	1.80	0	29
NW_026512857.1	25719	89562	3.48	0	39
NW_026512858.1	49222	118595	2.41	0	88
NW_026512859.1	43306	157191	3.63	0	27
NW_026512860.1	147836	213458	1.44	0	25
NW_026512861.1	31038	55854	1.80	0	15
NW_026512862.1	50002	77108	1.54	0	28
NW_026512863.1	31279	27128	0.87	0	62
NW_026512864.1	76241	155782	2.04	0	28
NW_026512865.1	361460	1048588	2.90	0	152
NW_026512866.1	5433	11727	2.16	0	13
NW_026512867.1	59192	107078	1.81	0	24
NW_026512868.1	42569	122425	2.88	0	92
NW_026512869.1	209395	503049	2.40	0	78
NW_026512870.1	62181	353802	5.69	0	180
NW_026512871.1	326707	757104	2.32	0	37
NW_026512872.1	25023	59416	2.37	0	18
NW_026512873.1	51313	329373	6.42	0	72
NW_026512874.1	21202	75557	3.56	0	57
NW_026512875.1	69444	103667	1.49	0	19
NW_026512876.1	44748	31242	0.70	0	15
NW_026512877.1	57620	104160	1.81	0	25
NW_026512878.1	308361	426641	1.38	0	65
NW_026512879.1	4420	6890	1.56	0	13
NW_026512880.1	72195	258814	3.58	0	27
NW_026512881.1	42879	25436	0.59	0	9
NW_026512882.1	63543	103167	1.62	0	48
NW_026512883.1	38535	863178	22.40	0	569
NW_026512884.1	40418	379222	9.38	0	84
NW_026512885.1	30410	79661	2.62	0	52
NW_026512886.1	39050	190350	4.87	0	64
NW_026512887.1	32424	56792	1.75	0	128
NW_026512888.1	293628	549304	1.87	0	68
NW_026512889.1	46497	173243	3.73	0	217
NW_026512890.1	235244	568466	2.42	0	60
NW_026512891.1	136668	137780	1.01	0	30
NW_026512892.1	45826	112469	2.45	0	37
NW_026512893.1	32558	46942	1.44	0	12
NW_026512894.1	31033	426020	13.73	0	861
NW_026512895.1	101462	226867	2.24	0	32
NW_026512896.1	66920	130742	1.95	0	27
NW_026512897.1	30998	69130	2.23	0	54
NW_026512898.1	57721	142501	2.47	0	59
NW_026512899.1	53146	202266	3.81	0	24
NW_026512900.1	456533	1201256	2.63	0	157
NW_026512901.1	44814	178486	3.98	0	37
NW_026512902.1	140348	438579	3.12	0	88
NW_026512903.1	35755	120855	3.38	0	31
NW_026512904.1	59133	22167	0.37	0	11
NW_026512905.1	1868	15613	8.36	0	32
NW_026512906.1	155187	397296	2.56	0	166
NW_026512907.1	80621	46140	0.57	0	9
NW_026512908.1	52408	269195	5.14	0	56
NW_026512909.1	49996	70797	1.42	0	13
NW_026512910.1	93982	1772497	18.86	0	525
NW_026512911.1	143563	380827	2.65	0	139
NW_026512912.1	54209	89360	1.65	0	23
NW_026512913.1	31266	269171	8.61	0	96
NW_026512914.1	48997	132446	2.70	0	132
NW_026512915.1	22322	236534	10.60	0	193
NW_026512916.1	278708	445095	1.60	0	31
NW_026512917.1	202728	238365	1.18	0	20
NW_026512918.1	52554	42641	0.81	0	14
NW_026512919.1	49997	65208	1.30	0	18
NW_026512920.1	61153	61672	1.01	0	12
NW_026512921.1	155612	2620546	16.84	0	219
NW_026512922.1	152036	297927	1.96	0	22
NW_026512923.1	69357	82709	1.19	0	21
NW_026512924.1	44816	36907	0.82	0	17
NW_026512925.1	50893	44256	0.87	0	20
NW_026512926.1	100375	115371	1.15	0	20
NW_026512927.1	145076	300618	2.07	0	34
NW_026512928.1	233520	276998	1.19	0	17
NW_026512929.1	354744	545885	1.54	0	33
NW_026512930.1	49412	71233	1.44	0	29
NW_026512931.1	86918	339685	3.91	0	63
NW_026512932.1	98812	186723	1.89	0	45
NW_026512933.1	189263	309939	1.64	0	54
NW_026512934.1	172668	375528	2.17	0	51
NW_026512935.1	29904	96460	3.23	0	29
NW_026512936.1	102399	157012	1.53	0	28
NW_026512937.1	104680	88162	0.84	0	86
NW_026512938.1	78955	188442	2.39	0	31
NW_026512939.1	35215	40071	1.14	0	21
NW_026512940.1	209654	374606	1.79	0	27
NW_026512941.1	21754	191146	8.79	0	97
NW_026512942.1	130913	389262	2.97	0	45
NW_026512943.1	51463	56361	1.10	0	15
NW_026512944.1	26136	17103	0.65	0	6
NW_026512945.1	161824	418279	2.58	0	94
NW_026512946.1	22730	79246	3.49	0	39
NW_026512947.1	140393	231224	1.65	0	33
NW_026512948.1	163802	720267	4.40	0	68
NW_026512949.1	75890	939157	12.38	0	391
NW_026512950.1	44816	144513	3.22	0	105
NW_026512951.1	32526	75990	2.34	0	14
NW_026512952.1	42294	90368	2.14	0	33
NW_026512953.1	301419	514674	1.71	0	115
NW_026512954.1	46018	121367	2.64	0	47
NW_026512955.1	396097	557123	1.41	0	57
NW_026512956.1	355509	813052	2.29	0	65
NW_026512957.1	51290	54120	1.06	0	14
NW_026512958.1	24777	107460	4.34	0	43
NW_026512959.1	133108	169181	1.27	0	31
NW_026512960.1	52567	65679	1.25	0	22
NW_026512961.1	79757	158963	1.99	0	38
NW_026512962.1	176338	566283	3.21	0	54
NW_026512963.1	49998	86798	1.74	0	18
NW_026512964.1	78073	198892	2.55	0	59
NW_026512965.1	50074	84548	1.69	0	16
NW_026512966.1	151898	257609	1.70	0	53
NW_026512967.1	107131	663273	6.19	0	520
NW_026512968.1	63238	74201	1.17	0	43
NW_026512969.1	34212	6105	0.18	0	3
NW_026512970.1	47614	22222	0.47	0	22
NW_026512971.1	26089	49552	1.90	0	15
NW_026512972.1	47369	101163	2.14	0	18
NW_026512973.1	27339	44060	1.61	0	12
NW_026512974.1	39564	65937	1.67	0	35
NW_026512975.1	234577	606526	2.59	0	46
NW_026512976.1	91809	96500	1.05	0	15
NW_026512977.1	365225	845202	2.31	0	55
NW_026512978.1	59165	318602	5.38	0	39
NW_026512979.1	45261	91495	2.02	0	15
NW_026512980.1	57329	58701	1.02	0	41
NW_026512981.1	47084	239527	5.09	0	43
NW_026512982.1	3931	9181	2.34	0	11
NW_026512983.1	309328	973745	3.15	0	61
NW_026512984.1	31367	159945	5.10	0	64
NW_026512985.1	40679	52506	1.29	0	22
NW_026512986.1	306425	869427	2.84	0	100
NW_026512987.1	56589	39302	0.69	0	21
NW_026512988.1	20489	42492	2.07	0	16
NW_026512989.1	33373	208744	6.25	0	61
NW_026512990.1	51139	146983	2.87	0	26
NW_026512991.1	54263	61212	1.13	0	14
NW_026512992.1	42142	145707	3.46	0	36
NW_026512993.1	172867	813240	4.70	0	149
NW_026512994.1	30199	67543	2.24	0	27
NW_026512995.1	29973	32570	1.09	0	12
NW_026512996.1	43730	167638	3.83	0	191
NW_026512997.1	36108	78780	2.18	0	17
NW_026512998.1	106018	142990	1.35	0	28
NW_026512999.1	49998	64438	1.29	0	15
NW_026513000.1	22691	95452	4.21	0	93
NW_026513001.1	93294	144230	1.55	0	33
NW_026513002.1	85177	162979	1.91	0	20
NW_026513003.1	185576	293828	1.58	0	54
NW_026513004.1	326467	771806	2.36	0	195
NW_026513005.1	30142	58320	1.93	0	25
NW_026513006.1	8596	11436	1.33	0	11
NW_026513007.1	71819	88322	1.23	0	18
NW_026513008.1	168369	282736	1.68	0	49
NW_026513009.1	35022	44236	1.26	0	29
NW_026513010.1	24742	65824	2.66	0	23
NW_026513011.1	43960	72556	1.65	0	55
NW_026513012.1	31006	41841	1.35	0	12
NW_026513013.1	32468	65895	2.03	0	33
NW_026513014.1	41992	82490	1.96	0	14
NW_026513015.1	28362	38390	1.35	0	12
NW_026513016.1	50004	83374	1.67	0	14
NW_026513017.1	167219	316728	1.89	0	29
NW_026513018.1	50024	68242	1.36	0	44
NW_026513019.1	51834	60813	1.17	0	15
NW_026513020.1	25464	39884	1.57	0	17
NW_026513021.1	57481	93440	1.63	0	38
NW_026513022.1	3631	1821	0.50	0	6
NW_026513023.1	36045	46758	1.30	0	32
NW_026513024.1	66877	212407	3.18	0	37
NW_026513025.1	68596	105887	1.54	0	31
NW_026513026.1	57604	46886	0.81	0	19
NW_026513027.1	33177	118468	3.57	0	77
NW_026513028.1	34974	35653	1.02	0	26
NW_026513029.1	445398	702674	1.58	0	64
NW_026513030.1	52654	148115	2.81	0	41
NW_026513031.1	50460	160290	3.18	0	66
NW_026513032.1	29612	42027	1.42	0	18
NW_026513033.1	209339	341959	1.63	0	26
NW_026513034.1	30007	127686	4.26	0	44
NW_026513035.1	22486	75291	3.35	0	62
NW_026513036.1	148156	542898	3.66	0	565
NW_026513037.1	64847	431751	6.66	0	375
NW_026513038.1	313902	355715	1.13	0	30
NW_026513039.1	51603	67601	1.31	0	28
NW_026513040.1	6049	3431	0.57	0	5
NW_026513041.1	45444	100038	2.20	0	38
NW_026513042.1	78455	115926	1.48	0	25
NW_026513043.1	38483	50292	1.31	0	31
NW_026513044.1	96466	152233	1.58	0	27
NW_026513045.1	11976	46934	3.92	0	22
NW_026513046.1	31481	111362	3.54	0	38
NW_026513047.1	40579	71696	1.77	0	19
NW_026513048.1	55568	100829	1.81	0	23
NW_026513049.1	50829	84400	1.66	0	14
NW_026513050.1	68011	159349	2.34	0	96
NW_026513051.1	87025	112946	1.30	0	12
NW_026513052.1	28117	149506	5.32	0	393
NW_026513053.1	22671	155509	6.86	0	80
NW_026513054.1	147478	288648	1.96	0	48
NW_026513055.1	25922	34302	1.32	0	27
NW_026513056.1	155037	254139	1.64	0	27
NW_026513057.1	21463	49061	2.29	0	17
NW_026513058.1	45698	75871	1.66	0	22
NW_026513059.1	57317	40297	0.70	0	13
NW_026513060.1	27127	28133	1.04	0	11
NW_026513061.1	82379	424676	5.16	0	157
NW_026513062.1	23306	93503	4.01	0	25
NW_026513063.1	100756	429582	4.26	0	163
NW_026513064.1	71684	151665	2.12	0	36
NW_026513065.1	129472	181469	1.40	0	36
NW_026513066.1	297903	588999	1.98	0	31
NW_026513067.1	239262	419834	1.75	0	30
NW_026513068.1	27918	49453	1.77	0	20
NW_026513069.1	82119	139474	1.70	0	24
NW_026513070.1	511436	1344934	2.63	0	393
NW_026513071.1	71833	299199	4.17	0	152
NW_026513072.1	103456	129459	1.25	0	31
NW_026513073.1	178886	572730	3.20	0	72
NW_026513074.1	33032	102201	3.09	0	53
NW_026513075.1	65515	200283	3.06	0	23
NW_026513076.1	87075	103935	1.19	0	18
NW_026513077.1	46280	70875	1.53	0	14
NW_026513078.1	443460	863876	1.95	0	88
NW_026513079.1	30307	65422	2.16	0	17
NW_026513080.1	20071	33108	1.65	0	15
NW_026513081.1	31366	62173	1.98	0	17
NW_026513082.1	71614	88358	1.23	0	36
NW_026513083.1	34594	5230129	151.19	0	1285
NW_026513084.1	77717	341335	4.39	0	101
NW_026513085.1	57032	212656	3.73	0	110
NW_026513086.1	31842	67282	2.11	0	25
NW_026513087.1	56988	157710	2.77	0	42
NW_026513088.1	50000	63066	1.26	0	21
NW_026513089.1	117295	326990	2.79	0	28
NW_026513090.1	103805	288683	2.78	0	57
NW_026513091.1	27477	67728	2.46	0	43
NW_026513092.1	27211	72136	2.65	0	37
NW_026513093.1	32420	46404	1.43	0	12
NW_026513094.1	45850	137412	3.00	0	20
NW_026513095.1	89669	130960	1.46	0	32
NW_026513096.1	288037	1231324	4.27	0	101
NW_026513097.1	58194	91468	1.57	0	24
NW_026513098.1	101304	391915	3.87	0	53
NW_026513099.1	27685	41477	1.50	0	22
NW_026513100.1	45602	204812	4.49	0	46
NW_026513101.1	93856	171641	1.83	0	29
NW_026513102.1	40600	87089	2.15	0	14
NW_026513103.1	39687	249215	6.28	0	64
NW_026513104.1	50235	249770	4.97	0	227
NW_026513105.1	102601	287378	2.80	0	67
NW_026513106.1	24614	51292	2.08	0	15
NW_026513107.1	346408	753089	2.17	0	83
NW_026513108.1	250650	668568	2.67	0	46
NW_026513109.1	82307	350772	4.26	0	191
NW_026513110.1	269703	402560	1.49	0	62
NW_026513111.1	50796	73012	1.44	0	39
NW_026513112.1	53227	132359	2.49	0	86
NW_026513113.1	21094	44696	2.12	0	19
NW_026513114.1	39203	107982	2.75	0	18
NW_026513115.1	51958	290380	5.59	0	37
NW_026513116.1	249263	564205	2.26	0	59
NW_026513117.1	59990	99368	1.66	0	48
NW_026513118.1	246305	662893	2.69	0	187
NW_026513119.1	206787	602906	2.92	0	309
NW_026513120.1	280505	397161	1.42	0	58
NW_026513121.1	56333	72174	1.28	0	21
NW_026513122.1	35833	136889	3.82	0	53
NW_026513123.1	362182	1147658	3.17	0	55
NW_026513124.1	86197	110093	1.28	0	19
NW_026513125.1	43139	35236	0.82	0	24
NW_026513126.1	231484	453773	1.96	0	46
NW_026513127.1	53183	144466	2.72	0	52
NW_026513128.1	76219	177626	2.33	0	54
NW_026513129.1	5506	23678	4.30	0	29
NW_026513130.1	22776	130429	5.73	0	65
NW_026513131.1	30569	44991	1.47	0	31
NW_026513132.1	51706	43573	0.84	0	9
NW_026513133.1	85569	118564	1.39	0	48
MH893761.1	17378	3409730	196.21	0	728
total	10019679131	30602413212	3.05	0	118506
